20823.0 1
20945.0 1
20947.0 1
21057.0 1
21059.0 1
21061.0 1
21112.0 1
21114.0 4
21116.0 6
21119.0 4
21121.0 5
21123.0 6
21124.0 1
21125.0 7
21126.0 15
21177.0 1
21179.0 17
21195.0 2
21197.0 8
21199.0 2
21201.0 10
21203.0 9
21205.0 10
21207.0 13
21244.0 1
21246.0 23
21248.0 18
21250.0 25
21282.0 1
21284.0 19
21296.0 1
21298.0 34
21300.0 35
21303.0 36
21304.0 1
21305.0 37
21306.0 15
21308.0 20
21308.0 16
21310.0 41
21312.0 24
21314.0 45
21316.0 17
21318.0 52
21320.0 13
21320.0 35
21322.0 56
21322.0 56
21324.0 18
21324.0 32
21326.0 59
21326.0 59
21328.0 22
21328.0 39
21330.0 66
21330.0 65
21332.0 38
21332.0 19
21334.0 67
21334.0 75
21336.0 68
21337.0 16
21339.0 79
21356.0 1
21358.0 70
21360.0 71
21362.0 72
21364.0 73
21369.0 1
21371.0 63
21373.0 64
21375.0 65
21377.0 66
21397.0 1
21399.0 68
21401.0 69
21403.0 70
21405.0 71
21408.0 72
21410.0 59
21410.0 1
21412.0 21
21412.0 74
21414.0 44
21414.0 78
21414.0 62
21416.0 71
21416.0 48
21416.0 72
21416.0 103
21418.0 83
21418.0 59
21420.0 68
21420.0 81
21422.0 72
21422.0 133
21424.0 79
21425.0 134
21425.0 114
21428.0 1
21430.0 121
21432.0 102
21432.0 117
21434.0 105
21434.0 126
21436.0 107
21436.0 127
21438.0 128
21438.0 108
21439.0 77
21440.0 129
21440.0 134
21441.0 116
21442.0 111
21442.0 130
21442.0 148
21443.0 107
21444.0 153
21444.0 120
21445.0 107
21447.0 150
21452.0 1
21454.0 20
21454.0 179
21456.0 180
21456.0 147
21458.0 181
21458.0 148
21460.0 182
21460.0 149
21460.0 1
21462.0 183
21462.0 150
21462.0 130
21464.0 24
21464.0 184
21464.0 132
21466.0 158
21466.0 133
21468.0 135
21468.0 159
21470.0 160
21470.0 136
21472.0 138
21474.0 1
21476.0 140
21478.0 141
21480.0 142
21482.0 143
21484.0 144
21485.0 1
21486.0 145
21487.0 153
21488.0 1
21489.0 154
21490.0 147
21491.0 155
21492.0 148
21493.0 156
21494.0 149
21495.0 157
21495.0 1
21496.0 150
21497.0 158
21497.0 202
21498.0 151
21499.0 203
21500.0 152
21501.0 204
21503.0 205
21505.0 206
21507.0 207
21542.0 1
21544.0 203
21546.0 204
21548.0 206
21550.0 207
21561.0 171
21563.0 208
21871.0 23
21873.0 241
21875.0 242
21877.0 243
21879.0 244
21938.0 1
21940.0 204
21942.0 205
21944.0 206
21946.0 207
21946.0 1
21948.0 220
21948.0 208
21950.0 221
21952.0 222
21954.0 223
21956.0 224
22967.0 22
22969.0 166
22971.0 167
22973.0 168
22975.0 169
22998.0 193
23000.0 188
23000.0 267
23002.0 232
23002.0 235
23002.0 235
23002.0 242
23004.0 248
23004.0 166
23004.0 210
23004.0 176
23004.0 215
23005.0 189
23005.0 188
23006.0 239
23006.0 158
23006.0 199
23007.0 170
23007.0 243
23007.0 173
23007.0 340
23009.0 230
23009.0 494
23011.0 495
23013.0 496
23015.0 497
23017.0 498
23021.0 179
23402.0 353
23404.0 477
23406.0 403
23407.0 517
23408.0 394
23409.0 479
23409.0 445
23409.0 505
23410.0 376
23411.0 390
23411.0 365
23411.0 408
23411.0 384
23412.0 377
23412.0 400
23412.0 333
23413.0 418
23413.0 383
23413.0 382
23413.0 423
23413.0 364
23414.0 378
23707.0 1
23709.0 901
23711.0 902
23713.0 903
23715.0 904
23717.0 905
23719.0 906
23777.0 170
23779.0 980
23912.0 170
23913.0 163
23914.0 834
23935.0 907
24750.0 1
24752.0 911
24754.0 912
24889.0 913
24891.0 946
24893.0 947
24895.0 948
24947.0 232
24949.0 1065
25202.0 956
25744.0 218
25746.0 1077
27075.0 1014
27078.0 942
32459.0 992
32964.0 190
32966.0 1038
32968.0 1039
32970.0 1040
36002.0 1070
37306.0 1
37308.0 1133
37310.0 1134
37312.0 1135
39685.0 991
41402.0 950
41404.0 910
41404.0 983
44989.0 89
44991.0 154
45007.0 61
45050.0 18
50402.0 1
51746.0 4
51748.0 9
53139.0 6
56888.0 1
59402.0 2
60295.0 6
63002.0 6
70499.0 1
70969.0 3
71214.0 1
71216.0 6
72002.0 2
72475.0 4
72477.0 11
72480.0 12
72504.0 1
72506.0 14
72508.0 15
72724.0 1
72726.0 21
72728.0 22
72745.0 2
72747.0 7
72766.0 1
72768.0 24
72770.0 25
72772.0 26
72774.0 26
72774.0 7
72776.0 32
72778.0 33
72879.0 8
72881.0 22
72883.0 23
72901.0 1
72903.0 35
72905.0 36
72907.0 37
72907.0 1
72909.0 37
72911.0 38
72913.0 39
72915.0 6
72917.0 46
72919.0 47
72921.0 48
72923.0 49
72925.0 37
72927.0 43
72928.0 41
72930.0 41
72933.0 4
72935.0 9
72938.0 10
72964.0 11
72966.0 80
72968.0 81
72970.0 82
72972.0 13
72974.0 86
72976.0 87
72978.0 88
72980.0 37
72980.0 83
72982.0 90
72982.0 96
72984.0 91
72984.0 98
72986.0 99
72986.0 71
72988.0 95
72989.0 100
72990.0 96
72993.0 75
72995.0 108
72997.0 109
73000.0 77
73002.0 115
73004.0 116
73006.0 80
73008.0 122
73010.0 123
73148.0 1
73150.0 25
73152.0 26
73165.0 58
73167.0 126
73169.0 127
73171.0 98
73276.0 12
73278.0 32
73351.0 1
73353.0 36
73353.0 1
73355.0 37
73355.0 108
73357.0 109
73357.0 38
73359.0 110
73361.0 111
73363.0 112
73365.0 113
73367.0 114
73419.0 1
73481.0 1
73483.0 117
73485.0 118
73487.0 119
73489.0 120
73491.0 121
73493.0 122
73495.0 123
73534.0 1
73536.0 141
73538.0 142
73540.0 143
73542.0 144
73544.0 145
73546.0 146
73548.0 147
73555.0 15
73557.0 169
73559.0 170
73561.0 171
73563.0 172
73669.0 48
73671.0 215
73673.0 216
73675.0 217
73677.0 218
73679.0 219
73682.0 158
73685.0 134
73687.0 157
73688.0 122
73689.0 150
73733.0 119
73773.0 40
73775.0 237
73777.0 238
73779.0 239
73781.0 240
73904.0 41
73906.0 363
73908.0 364
73910.0 365
73912.0 366
74370.0 1
74372.0 381
74374.0 382
74376.0 383
74378.0 384
74380.0 385
74382.0 386
74384.0 387
74448.0 1
74450.0 2
74450.0 389
74452.0 390
74452.0 338
74454.0 339
74454.0 391
74456.0 392
74458.0 393
74460.0 394
74462.0 395
74562.0 1
74564.0 399
74566.0 400
74568.0 401
74570.0 402
74572.0 403
74574.0 404
74576.0 405
74707.0 342
74709.0 386
74711.0 387
74713.0 388
74715.0 389
74951.0 1
74953.0 126
74955.0 127
74957.0 1
74959.0 129
74961.0 130
74963.0 29
74965.0 279
75065.0 282
75067.0 283
75069.0 284
75088.0 137
75090.0 389
75092.0 390
75093.0 1
75094.0 391
75095.0 348
75096.0 392
75097.0 349
75099.0 350
75101.0 351
75103.0 352
75105.0 353
75107.0 354
75183.0 1
75185.0 287
75262.0 130
75264.0 359
75266.0 360
75268.0 361
75270.0 362
75334.0 288
75597.0 297
75599.0 298
75601.0 299
75602.0 143
75603.0 300
75604.0 394
75604.0 133
75606.0 353
75607.0 355
75608.0 410
75610.0 319
75610.0 367
75612.0 409
75612.0 259
75612.0 423
75614.0 132
75614.0 304
75614.0 303
75614.0 409
75615.0 404
75615.0 40
75616.0 258
75618.0 305
75651.0 356
75653.0 413
75700.0 398
75816.0 374
75996.0 110
76772.0 515
76775.0 727
76777.0 591
76778.0 492
76779.0 698
76780.0 470
76780.0 594
76780.0 689
76781.0 526
76782.0 700
76782.0 578
76783.0 700
76783.0 930
76784.0 581
76785.0 623
76785.0 931
76787.0 932
76788.0 699
76789.0 933
76798.0 689
76841.0 725
76846.0 1
76848.0 956
76850.0 957
76852.0 958
76854.0 959
76856.0 960
76858.0 961
76860.0 962
76862.0 963
76872.0 664
76897.0 935
76907.0 581
76909.0 695
77010.0 594
77124.0 619
77156.0 458
77271.0 619
77379.0 180
77381.0 980
78300.0 4
78302.0 990
78304.0 991
78306.0 992
78308.0 993
78310.0 994
78312.0 995
78329.0 584
79164.0 1
79166.0 1002
79168.0 1003
79170.0 1004
79172.0 1005
79174.0 1006
79176.0 1007
79178.0 1008
80025.0 1009
80027.0 1047
80030.0 944
80032.0 938
80032.0 966
80053.0 807
80056.0 934
80058.0 797
80089.0 846
80121.0 1010
80123.0 969
80125.0 980
80215.0 883
80277.0 1
80279.0 964
80281.0 965
80283.0 966
80285.0 967
80287.0 968
80289.0 969
80310.0 1
80312.0 983
80314.0 984
80316.0 985
80318.0 986
80320.0 987
80322.0 988
80324.0 989
80465.0 1021
80468.0 942
80479.0 971
80481.0 1110
80483.0 941
80485.0 991
80656.0 946
80658.0 1036
80771.0 944
81011.0 1351
81113.0 987
81126.0 1242
81128.0 1218
81130.0 1279
81130.0 1227
81132.0 1206
81132.0 1242
81135.0 1146
81137.0 1298
81140.0 1181
81142.0 1183
81144.0 1229
81146.0 1103
81257.0 1204
81344.0 1294
81364.0 993
81366.0 1260
81368.0 1020
81370.0 1274
81373.0 1053
81375.0 1341
81375.0 1261
81545.0 971
81547.0 1487
81587.0 1368
81619.0 1336
81624.0 1228
81624.0 1293
81732.0 1462
81734.0 1474
81736.0 1486
81736.0 1190
81738.0 1470
81738.0 1565
81738.0 1458
81740.0 1564
81758.0 969
81760.0 1458
81765.0 1459
81768.0 1461
81779.0 1255
81781.0 1568
81784.0 1490
81786.0 1499
81791.0 1276
81794.0 1514
81796.0 1346
81796.0 1545
81798.0 1510
81799.0 1436
81831.0 1113
81833.0 1604
81842.0 1471
81844.0 1471
81853.0 1380
81881.0 1494
81894.0 979
81896.0 1683
81898.0 1684
81985.0 1420
82058.0 1289
82060.0 1646
82108.0 996
82110.0 1573
82112.0 1574
82255.0 1235
82871.0 1381
83301.0 1
83303.0 1586
83305.0 1587
83307.0 1588
83309.0 1589
83311.0 1590
83313.0 1591
83315.0 1592
83317.0 1593
86402.0 1593
86404.0 1655
86405.0 1698
86406.0 1689
86407.0 1744
86408.0 1641
86692.0 1474
86715.0 1576
86717.0 1751
86719.0 1765
86774.0 1
86791.0 1706
86886.0 1586
86889.0 1616
86892.0 1703
86895.0 1611
87021.0 1709
87275.0 1576
87322.0 1581
87385.0 1578
87532.0 1592
87653.0 1691
87739.0 1648
87741.0 1745
87763.0 1705
87863.0 1625
87902.0 1572
87904.0 1567
87936.0 1641
88196.0 1579
88199.0 1684
88202.0 1935
88204.0 1939
88419.0 1579
88438.0 2002
88516.0 1960
88519.0 1950
88521.0 1995
88522.0 1972
88523.0 1961
88523.0 1973
88524.0 1934
88529.0 1910
88530.0 1929
88536.0 1957
88545.0 1929
88547.0 1958
88551.0 2012
88553.0 1952
88556.0 1968
88556.0 2012
88556.0 2020
88558.0 2024
88559.0 1953
88583.0 1894
88643.0 1952
88645.0 1966
88697.0 2022
88759.0 2017
88891.0 1955
88941.0 1
88943.0 2154
88945.0 2155
88947.0 2156
88949.0 2157
88951.0 2158
88953.0 2159
88955.0 2160
89143.0 1738
89145.0 2181
89157.0 1953
90002.0 2131
90005.0 2133
90007.0 2305
90009.0 2175
90011.0 2185
90011.0 2174
90013.0 2131
90013.0 2194
90014.0 2171
90015.0 2150
90015.0 2185
90015.0 2043
90016.0 2184
90017.0 2185
90018.0 2105
90018.0 2296
90018.0 2173
90019.0 2185
90020.0 2170
90020.0 2159
90020.0 2202
90020.0 2170
90020.0 2293
90031.0 2154
90248.0 2169
90250.0 2169
90279.0 2294
90612.0 1941
91802.0 2436
91804.0 2381
91806.0 2611
91808.0 2657
91811.0 2635
91813.0 2661
91815.0 2632
91817.0 2586
91819.0 2606
91828.0 2598
91841.0 2601
91843.0 2600
91845.0 2574
91848.0 2633
91919.0 2540
91970.0 2637
92060.0 2210
92077.0 2635
92142.0 2637
92224.0 2606
92231.0 2636
92245.0 2452
92247.0 2598
92259.0 2203
92261.0 3018
92761.0 2156
92763.0 3018
92812.0 2467
93012.0 2465
93370.0 2590
94739.0 2288
95377.0 2108
95402.0 2411
95404.0 2363
95569.0 1
95571.0 2099
95573.0 2100
95575.0 2101
95577.0 2102
95579.0 2103
95581.0 2104
95583.0 2105
95677.0 2341
96198.0 2389
96200.0 2308
96203.0 2255
96205.0 2271
96256.0 2371
96842.0 1873
96968.0 2027
97058.0 2051
97174.0 2037
97176.0 2133
97308.0 1874
97945.0 1806
98613.0 1770
99002.0 1341
99215.0 1817
99611.0 1230
99615.0 1310
99617.0 1311
99619.0 1863
99717.0 1752
99719.0 1785
99722.0 1771
99724.0 1776
99727.0 1457
99751.0 1244
99753.0 1909
99794.0 1747
99796.0 1468
99798.0 1898
99833.0 1944
99856.0 1868
99858.0 1891
99860.0 1892
99862.0 1893
99864.0 1633
99866.0 1925
99868.0 1926
99887.0 1779
99904.0 1611
99906.0 1904
99908.0 1902
99953.0 1785
99968.0 1935
99970.0 2008
99972.0 1938
99974.0 2013
99976.0 1913
99976.0 1907
99978.0 2019
99978.0 2048
99980.0 1878
99980.0 1880
99981.0 1884
99982.0 2033
99982.0 2049
99983.0 2067
99984.0 1933
99985.0 1929
99985.0 1883
99985.0 1872
99986.0 2043
99987.0 2081
99987.0 2051
99987.0 2073
100008.0 1
100067.0 1784
100069.0 2059
100106.0 2083
100109.0 2096
100111.0 2058
100112.0 2057
100113.0 2065
100114.0 2023
100114.0 2058
100115.0 2052
100115.0 2092
100116.0 2087
100116.0 2079
100116.0 1910
100117.0 2166
100118.0 1901
100119.0 2169
100120.0 1899
100121.0 2171
100124.0 2055
100143.0 2054
100145.0 2190
100192.0 2045
100239.0 1765
100241.0 2167
100243.0 2168
100315.0 1899
100317.0 2185
100319.0 2186
100327.0 1713
100329.0 2169
100331.0 2170
100339.0 2172
100366.0 2169
100564.0 1424
100566.0 2176
100568.0 2177
100570.0 2178
100572.0 2179
100623.0 1736
100625.0 2194
100627.0 2195
100629.0 2196
100693.0 1791
100695.0 2198
100697.0 2199
100710.0 1575
100712.0 2179
100714.0 2180
100716.0 2181
100718.0 2182
100802.0 2169
100804.0 1417
100806.0 2202
100808.0 2203
100810.0 2204
101800.0 1351
101802.0 2086
101804.0 2087
101806.0 2088
102206.0 1471
102208.0 2006
102210.0 2007
102449.0 951
102451.0 2009
102453.0 2010
102455.0 2011
102457.0 2012
103628.0 818
103630.0 1636
103632.0 1637
104196.0 1509
104402.0 1517
105807.0 189
105809.0 1488
105811.0 1489
105813.0 1490
105815.0 1491
106202.0 1412
106249.0 707
106251.0 1410
106253.0 1411
106377.0 863
106379.0 1431
107709.0 1440
107711.0 1482
108021.0 1368
108023.0 1369
108025.0 1387
108027.0 1396
108027.0 1381
108030.0 1430
108032.0 1401
108108.0 1382
108110.0 1506
108134.0 1377
108197.0 1369
108257.0 1356
108390.0 1471
108392.0 1465
108394.0 1565
108396.0 1568
108398.0 1477
108400.0 1573
108444.0 1314
108446.0 1581
108446.0 1488
108448.0 1623
108448.0 1582
108450.0 1489
108452.0 1627
108516.0 1342
108547.0 1321
108549.0 1595
108551.0 1596
108680.0 1345
108683.0 1323
108685.0 1330
108685.0 1312
108687.0 1326
108795.0 1306
108797.0 1588
108799.0 1589
108809.0 1338
108909.0 1558
108911.0 1560
108913.0 1713
108916.0 1715
109044.0 1305
109046.0 1765
109047.0 1576
109049.0 1719
109274.0 1523
109276.0 1720
109305.0 1568
109307.0 1673
109387.0 1282
109389.0 1698
109391.0 1491
109391.0 1699
109393.0 1555
109395.0 1556
109486.0 1254
109488.0 1555
109490.0 1556
109537.0 1506
109539.0 1640
109605.0 1248
109607.0 1572
109609.0 1573
109620.0 1523
109622.0 1667
109673.0 1547
109675.0 1655
109802.0 1558
109804.0 1624
109805.0 1640
109806.0 1556
109807.0 1660
109808.0 1523
109850.0 1657
109931.0 1215
109933.0 1704
109935.0 1705
110080.0 1068
110121.0 1638
110123.0 1638
110125.0 1554
110125.0 1405
110127.0 1632
110127.0 1588
110129.0 1575
110200.0 1508
110202.0 1511
110204.0 1369
110205.0 1469
110206.0 1380
110208.0 1471
110475.0 1308
110477.0 1619
110481.0 1494
110484.0 1495
110493.0 1614
110519.0 971
110603.0 1032
110605.0 1774
110607.0 1775
110609.0 1776
110725.0 1233
110727.0 1754
110729.0 1755
110732.0 1235
110734.0 1760
110736.0 1761
110849.0 1167
110851.0 1697
110853.0 1698
111602.0 1774
111604.0 1630
111604.0 1689
111606.0 1726
111606.0 1656
111608.0 1764
111609.0 1709
111609.0 1476
111611.0 1669
111612.0 1482
111614.0 1472
111615.0 1529
111616.0 1398
111618.0 1361
111619.0 1564
111621.0 1364
111680.0 1498
111794.0 1516
111796.0 1471
111799.0 1469
111801.0 1355
111803.0 1396
111804.0 1456
111940.0 1481
112472.0 1398
112623.0 1387
114517.0 396
114519.0 1315
114521.0 1316
115202.0 1302
117869.0 1
117871.0 1352
117873.0 1353
117875.0 1354
117877.0 1355
118972.0 1323
118974.0 1291
118976.0 1328
119071.0 275
119073.0 1227
119075.0 1228
119077.0 1229
119929.0 1164
122597.0 1
122599.0 706
122601.0 707
123849.0 650
124202.0 916
124204.0 933
124207.0 950
125842.0 577
125844.0 946
129539.0 502
131062.0 1
131064.0 600
133537.0 70
133539.0 75
140402.0 2
140404.0 4
145802.0 7
151202.0 3
157231.0 1
157234.0 1
157753.0 1
158576.0 1
158631.0 1
158633.0 1
158795.0 1
158818.0 1
158945.0 1
158947.0 1
159001.0 1
159054.0 9
159057.0 19
159059.0 10
159061.0 8
159061.0 9
159063.0 10
159155.0 7
159230.0 3
159232.0 5
159329.0 6
159331.0 6
159649.0 1
159651.0 32
160041.0 3
160043.0 9
160251.0 18
160253.0 21
160254.0 20
160257.0 23
160263.0 35
160429.0 19
160652.0 10
160674.0 27
160741.0 1
160927.0 39
160930.0 39
160932.0 44
160932.0 34
160934.0 25
160935.0 41
161397.0 10
161488.0 75
161491.0 98
161498.0 75
161500.0 56
161502.0 59
161502.0 68
161504.0 73
161538.0 2
161540.0 36
161542.0 37
161747.0 111
161750.0 112
161752.0 104
161752.0 121
161754.0 100
161754.0 117
161755.0 122
161756.0 115
161758.0 126
161760.0 127
161762.0 128
161861.0 53
161863.0 139
161865.0 140
161868.0 141
161870.0 141
161872.0 136
161874.0 135
161880.0 38
161882.0 142
161944.0 38
161946.0 144
161977.0 32
161979.0 179
161981.0 180
161983.0 181
162002.0 180
162004.0 187
162005.0 183
162007.0 182
162008.0 183
162009.0 137
162010.0 149
162011.0 132
162116.0 1
162118.0 231
162143.0 230
162258.0 133
162490.0 210
162731.0 143
162733.0 260
163000.0 143
163002.0 228
163004.0 147
163006.0 236
163494.0 1
163496.0 52
163498.0 53
164113.0 1
164342.0 55
164344.0 252
164346.0 253
164349.0 34
164351.0 257
164353.0 258
164356.0 58
164358.0 263
164360.0 264
164386.0 211
164388.0 252
164390.0 253
164392.0 254
164394.0 255
164469.0 234
164471.0 269
164473.0 270
164475.0 276
164478.0 268
164480.0 268
164825.0 54
164827.0 290
164829.0 291
164900.0 1
164902.0 266
164904.0 267
164906.0 268
164908.0 269
164910.0 270
164912.0 55
164914.0 279
164916.0 280
164920.0 2
164922.0 288
164924.0 289
164926.0 290
164928.0 291
164931.0 292
164933.0 284
164935.0 260
164937.0 277
164939.0 312
164941.0 260
165034.0 292
165125.0 303
165127.0 398
165146.0 1
165148.0 197
165150.0 198
165166.0 249
165192.0 199
165194.0 420
165196.0 421
165198.0 422
165602.0 8
165825.0 313
165888.0 238
165930.0 242
166325.0 301
166854.0 277
167102.0 217
167259.0 3
167261.0 327
167263.0 328
167265.0 329
167267.0 330
167269.0 331
167482.0 198
167920.0 1
167922.0 336
167924.0 337
167926.0 338
167928.0 339
168271.0 1
168273.0 444
168275.0 445
168915.0 449
168917.0 475
169512.0 470
169723.0 1
169725.0 472
169727.0 473
169729.0 474
169760.0 478
169763.0 340
169765.0 479
169831.0 483
169834.0 475
169836.0 386
169912.0 2
169914.0 633
169916.0 634
169918.0 635
169920.0 636
169922.0 637
169925.0 644
169927.0 636
169928.0 634
169993.0 347
169995.0 708
170209.0 340
170321.0 472
170438.0 637
170467.0 720
170469.0 714
170491.0 316
170493.0 735
170576.0 243
170717.0 678
170743.0 385
170745.0 419
170749.0 435
170751.0 740
170767.0 318
170769.0 671
170771.0 672
170822.0 490
170824.0 784
170827.0 493
170829.0 789
170866.0 601
170868.0 615
171001.0 441
171003.0 786
171004.0 430
171006.0 692
171032.0 486
171034.0 684
171038.0 613
171064.0 720
171070.0 673
171139.0 410
171141.0 810
171156.0 687
171159.0 686
171161.0 791
171161.0 656
171187.0 793
171190.0 463
171190.0 798
171192.0 825
171192.0 791
171194.0 827
171194.0 806
171196.0 831
171278.0 805
171304.0 811
171307.0 814
171309.0 782
171309.0 793
171311.0 793
171427.0 828
171448.0 695
171588.0 693
171685.0 777
171828.0 736
171955.0 751
172355.0 916
172357.0 896
172358.0 800
172359.0 953
172360.0 842
172360.0 788
172361.0 932
172361.0 878
172362.0 993
172362.0 843
172363.0 783
172364.0 1037
172364.0 852
172365.0 842
172366.0 1038
172368.0 1039
172370.0 1040
172372.0 1041
172374.0 898
172393.0 1044
172395.0 1042
172397.0 1016
172397.0 1054
172398.0 934
172399.0 1041
172399.0 1027
172399.0 1045
172400.0 1106
172401.0 1096
172401.0 1110
172401.0 1098
172402.0 1095
172403.0 1112
172403.0 1104
172403.0 1052
172405.0 1050
172405.0 1097
172405.0 1113
172407.0 1114
172407.0 936
172409.0 1252
172409.0 1115
172411.0 1116
172418.0 930
172420.0 1264
172423.0 851
172425.0 1270
172427.0 960
172429.0 1300
172431.0 963
172433.0 1308
172435.0 809
172437.0 1323
172502.0 1102
172787.0 940
172789.0 1312
