1974.0 1
3877.0 1
3879.0 1
3881.0 1
3883.0 1
3885.0 1
3887.0 1
3894.0 1
3896.0 1
3906.0 1
3963.0 1
3992.0 1
4281.0 15
4284.0 10
4286.0 10
4286.0 18
4288.0 15
4288.0 17
4288.0 12
4356.0 16
4357.0 5
4433.0 17
4539.0 11
5212.0 1
5402.0 39
5404.0 40
5404.0 40
5406.0 29
5408.0 41
5443.0 32
5598.0 38
5702.0 1
5704.0 37
5881.0 38
6322.0 16
6324.0 67
6373.0 32
8910.0 1
8912.0 71
8914.0 72
9094.0 40
9218.0 65
9220.0 87
9836.0 77
9838.0 102
10092.0 81
10094.0 118
10172.0 69
10174.0 121
10498.0 77
10500.0 116
13342.0 84
13344.0 124
13871.0 77
14833.0 65
14835.0 127
14837.0 66
14839.0 130
14936.0 41
14938.0 128
14940.0 129
16425.0 128
16428.0 134
16430.0 135
16432.0 143
16927.0 65
16929.0 148
16931.0 149
17006.0 122
17634.0 1
17636.0 39
21559.0 78
21561.0 79
22982.0 132
23028.0 82
23030.0 140
23032.0 141
23035.0 142
26741.0 47
26743.0 73
26984.0 75
26986.0 83
27525.0 47
27527.0 57
27529.0 58
28920.0 37
28922.0 55
30178.0 19
30180.0 54
30720.0 28
30722.0 66
30744.0 22
30746.0 73
32437.0 61
34419.0 26
34422.0 41
34454.0 1
34957.0 34
34960.0 69
34962.0 70
35338.0 35
35340.0 83
35342.0 84
37011.0 30
37013.0 65
37015.0 66
37018.0 67
37109.0 3
37112.0 20
38069.0 3
38071.0 68
38073.0 69
39071.0 20
39073.0 64
39075.0 65
40674.0 21
40676.0 67
41694.0 17
42587.0 1
42589.0 64
42591.0 65
47286.0 13
47288.0 53
47290.0 54
47293.0 55
47712.0 1
48234.0 47
48236.0 56
51616.0 34
51618.0 51
58713.0 2
58715.0 31
58717.0 32
63611.0 2
63613.0 3
66021.0 1
66023.0 5
66025.0 6
66652.0 2
66654.0 9
66656.0 10
68179.0 17
68181.0 27
68183.0 28
68185.0 29
70271.0 8
70273.0 14
74786.0 1
74789.0 5
74801.0 1
74803.0 8
76996.0 2
76999.0 9
79584.0 1
79586.0 18
80659.0 7
80661.0 8
80663.0 9
84252.0 8
84521.0 13
84540.0 6
84542.0 23
84544.0 24
87327.0 11
87329.0 25
90546.0 6
90548.0 29
90550.0 30
118390.0 1
118392.0 2
122926.0 1
122928.0 2
126227.0 1
126229.0 4
135713.0 1
154693.0 1
166308.0 1
166510.0 4
166513.0 6
166515.0 7
172214.0 1
181080.0 1
181082.0 2
185920.0 5
203379.0 2
205331.0 3
212762.0 1
241296.0 1
