3847.0 1
3894.0 1
3897.0 1
3899.0 1
3901.0 1
3906.0 1
3908.0 1
3963.0 1
3965.0 1
3992.0 1
3994.0 1
4111.0 1
4120.0 1
4281.0 9
4284.0 11
4286.0 16
4288.0 10
4290.0 17
4359.0 14
4361.0 13
4363.0 10
4369.0 5
4433.0 15
4540.0 1
4542.0 44
5196.0 15
5213.0 16
5402.0 37
5404.0 33
5443.0 36
5598.0 39
5600.0 45
5702.0 1
5704.0 44
6159.0 33
6308.0 1
6310.0 49
6322.0 15
6324.0 52
6344.0 16
6373.0 16
6520.0 31
6958.0 45
7497.0 26
8232.0 50
8756.0 50
8910.0 51
9092.0 61
9218.0 55
9220.0 89
9232.0 55
9235.0 87
9280.0 58
10092.0 70
10094.0 101
10172.0 53
10174.0 103
11146.0 88
12221.0 88
13342.0 71
13344.0 105
13871.0 72
14936.0 31
14938.0 108
14940.0 109
17006.0 104
17008.0 111
17010.0 112
17634.0 1
17636.0 46
18735.0 76
20777.0 95
21559.0 52
21561.0 111
21563.0 112
21566.0 113
21568.0 114
22846.0 110
23028.0 76
23030.0 120
23032.0 121
23035.0 122
26741.0 106
26743.0 128
27525.0 130
27527.0 137
27529.0 138
28912.0 25
28914.0 141
30178.0 110
30180.0 127
34419.0 142
34422.0 144
34454.0 1
35338.0 130
35340.0 167
36111.0 121
36114.0 124
37109.0 103
37112.0 151
37963.0 152
37965.0 158
38069.0 127
38072.0 135
40674.0 159
40676.0 168
41973.0 153
42587.0 121
42589.0 172
43452.0 137
47125.0 168
47286.0 113
47288.0 175
47291.0 176
47712.0 123
58713.0 172
63611.0 78
63613.0 182
64746.0 128
64748.0 174
66021.0 145
66023.0 184
66025.0 185
66652.0 172
66654.0 188
66656.0 189
68179.0 174
68181.0 193
68183.0 194
68185.0 195
70271.0 171
70273.0 208
74786.0 178
74789.0 191
74791.0 192
76996.0 179
79584.0 170
79586.0 199
80659.0 222
80661.0 223
80663.0 224
90546.0 1
90549.0 229
118390.0 198
118392.0 199
126573.0 193
135713.0 171
154693.0 201
166308.0 196
166510.0 213
166512.0 225
172214.0 200
181080.0 221
181082.0 222
185920.0 223
203379.0 213
205331.0 224
214079.0 218
214081.0 219
