20823.0 1
20945.0 1
20947.0 1
21057.0 1
21059.0 1
21061.0 1
21112.0 4
21115.0 6
21118.0 4
21120.0 5
21122.0 1
21122.0 6
21124.0 7
21124.0 15
21127.0 1
21129.0 17
21131.0 1
21133.0 19
21195.0 2
21197.0 2
21244.0 1
21282.0 1
21284.0 19
21303.0 3
21304.0 1
21306.0 11
21356.0 1
21369.0 1
21371.0 13
21376.0 18
21378.0 27
21397.0 1
21399.0 15
21401.0 16
21403.0 8
21405.0 28
21407.0 15
21408.0 28
21410.0 22
21410.0 1
21412.0 20
21412.0 23
21412.0 20
21414.0 16
21414.0 20
21417.0 38
21419.0 54
21420.0 20
21422.0 1
21422.0 1
21422.0 40
21422.0 50
21424.0 19
21424.0 55
21424.0 14
21426.0 15
21427.0 1
21427.0 53
21428.0 2
21429.0 21
21430.0 18
21431.0 1
21432.0 19
21432.0 1
21433.0 23
21434.0 23
21435.0 20
21438.0 17
21454.0 9
21495.0 1
21497.0 72
21499.0 73
21501.0 74
21506.0 14
21508.0 67
21510.0 68
21512.0 1
21514.0 70
21516.0 71
21518.0 72
21531.0 25
21533.0 43
21535.0 44
21538.0 29
21540.0 53
21542.0 1
21542.0 54
21542.0 55
21544.0 74
21544.0 27
21544.0 73
21544.0 28
21546.0 47
21546.0 60
21546.0 75
21546.0 59
21546.0 74
21548.0 53
21548.0 80
21548.0 75
21548.0 15
21548.0 61
21548.0 60
21550.0 106
21550.0 26
21550.0 55
21550.0 80
21550.0 12
21550.0 30
21552.0 81
21552.0 68
21552.0 107
21552.0 66
21552.0 56
21552.0 75
21554.0 66
21554.0 70
21554.0 77
21554.0 67
21554.0 82
21554.0 43
21556.0 114
21556.0 117
21557.0 26
21558.0 118
21558.0 115
21560.0 79
21560.0 77
21560.0 73
21562.0 65
21562.0 128
21562.0 127
21564.0 131
21564.0 139
21564.0 128
21566.0 79
21566.0 114
21566.0 81
21566.0 131
21566.0 140
21568.0 145
21568.0 140
21568.0 137
21569.0 112
21569.0 59
21570.0 82
21570.0 138
21570.0 147
21571.0 142
21571.0 108
21572.0 148
21572.0 81
21573.0 143
21573.0 70
21573.0 89
21574.0 149
21574.0 158
21575.0 66
21575.0 69
21575.0 63
21576.0 159
21577.0 79
21577.0 148
21578.0 72
21579.0 78
21579.0 81
21579.0 149
21580.0 209
21581.0 90
21582.0 179
21584.0 245
21584.0 176
21586.0 181
21586.0 229
21587.0 261
21589.0 214
21589.0 236
21589.0 246
21591.0 265
21591.0 236
21871.0 25
21873.0 220
21875.0 221
21877.0 222
21879.0 223
21946.0 1
21948.0 175
21950.0 176
21952.0 177
21954.0 178
21956.0 179
21981.0 1
21983.0 164
21985.0 167
21987.0 279
21989.0 280
21991.0 281
22967.0 24
22969.0 166
22971.0 167
22973.0 168
22975.0 169
22998.0 177
23000.0 172
23000.0 246
23002.0 174
23002.0 388
23002.0 150
23002.0 374
23004.0 284
23004.0 236
23004.0 210
23004.0 371
23005.0 363
23005.0 359
23006.0 439
23006.0 223
23006.0 354
23006.0 344
23007.0 294
23007.0 192
23007.0 390
23008.0 187
23008.0 663
23009.0 347
23010.0 664
23012.0 665
23014.0 666
23016.0 667
23066.0 266
23402.0 571
23404.0 609
23406.0 655
23407.0 685
23408.0 628
23409.0 603
23409.0 517
23409.0 674
23410.0 419
23411.0 495
23411.0 413
23411.0 558
23411.0 623
23412.0 364
23412.0 425
23412.0 518
23413.0 343
23413.0 605
23413.0 572
23414.0 614
23414.0 663
23628.0 547
23707.0 1
23709.0 1089
23711.0 1090
23713.0 1091
23715.0 1092
23717.0 1093
23719.0 1094
23777.0 170
23779.0 1127
23912.0 170
23913.0 158
23914.0 1125
23935.0 1054
24750.0 1
24752.0 1096
24754.0 1097
24947.0 170
24949.0 1143
25202.0 1058
25744.0 155
25746.0 1161
27002.0 1111
27005.0 1191
27007.0 1114
32398.0 1041
32459.0 1147
32964.0 335
32966.0 1252
32968.0 1253
32970.0 1254
34461.0 281
34463.0 1101
36002.0 1148
37306.0 1
37308.0 1309
37310.0 1310
37312.0 1311
39685.0 1152
41402.0 1129
41404.0 1054
44989.0 1167
44991.0 1263
45007.0 1167
45050.0 1312
48300.0 1102
48302.0 1102
50402.0 1310
51746.0 1258
51748.0 1462
53139.0 1309
56888.0 679
59402.0 1313
60295.0 1463
63002.0 1464
64802.0 1272
70499.0 1326
70969.0 1312
71214.0 1101
71216.0 1469
72002.0 1314
72475.0 1560
72477.0 1749
72480.0 1750
72504.0 1259
72506.0 1756
72508.0 1757
72557.0 1312
72559.0 1775
72561.0 1776
72724.0 1
72726.0 1779
72728.0 1780
72745.0 1123
72747.0 1656
72766.0 1051
72768.0 1802
72770.0 1803
72772.0 1804
72774.0 1780
72774.0 1603
72776.0 1811
72776.0 1784
72778.0 1813
72801.0 1810
72803.0 1849
72806.0 1850
72879.0 1657
72881.0 1797
72883.0 1798
72901.0 1308
72903.0 1847
72905.0 1848
72907.0 1849
72907.0 1121
72909.0 1818
72911.0 1819
72912.0 1313
72913.0 1820
72914.0 1855
72916.0 1856
72918.0 1857
72920.0 1858
72922.0 1859
72933.0 1149
72935.0 1863
72937.0 1864
72940.0 1865
72964.0 1867
72966.0 1884
72969.0 1867
72971.0 1887
72973.0 1886
72975.0 1890
72976.0 1815
72977.0 1891
72978.0 1897
72980.0 1899
72980.0 1824
72982.0 1901
72982.0 1897
72984.0 1898
72986.0 1818
72988.0 1909
72990.0 1910
72993.0 1851
72995.0 1917
72997.0 1918
72999.0 1855
73001.0 1924
73003.0 1925
73046.0 1860
73148.0 1024
73150.0 1816
73152.0 1817
73165.0 1919
73167.0 1913
73169.0 1903
73169.0 1933
73171.0 1930
73172.0 1863
73173.0 1901
73174.0 1926
73175.0 1960
73178.0 1903
73235.0 1903
73276.0 1659
73278.0 1821
73286.0 1
73288.0 1939
73290.0 1940
73292.0 1941
73294.0 1942
73296.0 1943
73298.0 1944
73300.0 1945
73302.0 1048
73304.0 1955
73306.0 1956
73308.0 1957
73310.0 1958
73312.0 1959
73314.0 1960
73316.0 1961
73353.0 1108
73355.0 1990
73357.0 1991
73359.0 1992
73361.0 1993
73363.0 1994
73365.0 1995
73367.0 1996
73446.0 1295
73448.0 1980
73450.0 1981
73452.0 1982
73454.0 1983
73456.0 1984
73458.0 1985
73460.0 1986
73499.0 1953
73501.0 1962
73503.0 1963
73503.0 2006
73505.0 2024
73505.0 2000
73507.0 2025
73508.0 1998
73509.0 2026
73510.0 1981
73511.0 2027
73513.0 1971
73513.0 1987
73515.0 1996
73515.0 1952
73517.0 1953
73534.0 1954
73555.0 1755
73557.0 2140
73559.0 2141
73561.0 2142
73563.0 2143
73565.0 2144
73739.0 1948
73876.0 1829
73878.0 2096
73904.0 2097
73906.0 2199
73908.0 2200
74370.0 1147
74372.0 2229
74374.0 2230
74376.0 2231
74378.0 2232
74380.0 2233
74382.0 2234
74384.0 2235
74448.0 1265
74450.0 1123
74450.0 2245
74452.0 2246
74452.0 2083
74454.0 2084
74454.0 2247
74456.0 2248
74458.0 2249
74460.0 2250
74462.0 2251
74549.0 1802
74551.0 2147
74553.0 2148
74555.0 2149
74557.0 2150
74562.0 1265
74564.0 2263
74566.0 2264
74568.0 2265
74570.0 2266
74572.0 2267
74574.0 2268
74576.0 2269
74687.0 1127
74689.0 2050
74691.0 2051
74693.0 2052
74695.0 2053
74697.0 2054
74699.0 2055
74701.0 2056
74829.0 2090
74831.0 2138
74833.0 2139
74835.0 2140
74837.0 2141
74951.0 1265
74953.0 2101
74955.0 2102
74970.0 1184
74972.0 2061
74974.0 2062
75093.0 2063
75095.0 2204
75097.0 2205
75099.0 2206
75101.0 2207
75183.0 353
75185.0 2180
75262.0 2103
75264.0 2200
75266.0 2201
75268.0 2202
75270.0 2203
75334.0 2181
75597.0 2237
75599.0 2239
75601.0 2240
75602.0 2136
75603.0 2241
75604.0 2125
75604.0 2134
75606.0 2094
75607.0 2208
75608.0 2163
75609.0 2150
75610.0 2100
75610.0 2209
75611.0 2274
75612.0 2266
75612.0 2056
75612.0 2282
75613.0 2072
75614.0 2109
75614.0 2245
75614.0 2188
75614.0 2159
75614.0 2252
75615.0 2238
75616.0 2244
75651.0 2216
75816.0 2204
75996.0 1977
76772.0 2304
76775.0 2589
76777.0 2414
76778.0 2375
76779.0 2617
76780.0 2213
76780.0 2407
76780.0 2545
76781.0 2307
76782.0 2563
76782.0 2511
76782.0 2517
76782.0 2538
76783.0 2850
76784.0 2438
76784.0 2517
76785.0 2852
76785.0 2617
76786.0 2509
76787.0 2853
76789.0 2854
76841.0 2586
76846.0 1
76848.0 2910
76850.0 2404
76850.0 2911
76852.0 2912
76854.0 2913
76856.0 2914
76858.0 2915
76860.0 2916
76862.0 2917
76897.0 2856
77016.0 2624
77018.0 2387
77124.0 2510
77156.0 2239
77271.0 2502
77379.0 2147
77381.0 2925
78061.0 1315
78063.0 2800
78065.0 2801
78067.0 2802
78069.0 2803
78071.0 2804
78073.0 2805
78329.0 2400
79163.0 2436
79164.0 1100
79166.0 2943
79168.0 2944
79170.0 2945
79172.0 2946
79174.0 2947
79176.0 2948
79178.0 2949
80025.0 2950
80027.0 2987
80030.0 2901
80032.0 2857
80034.0 2896
80053.0 2711
80056.0 2805
80058.0 2687
80089.0 2740
80121.0 2822
80123.0 2923
80215.0 2780
80277.0 1271
80279.0 2920
80281.0 2921
80283.0 2922
80285.0 2923
80287.0 2924
80289.0 2925
80465.0 2972
80468.0 2898
80479.0 2927
80481.0 3079
80483.0 2938
80485.0 2934
80485.0 2811
80656.0 2961
80658.0 2823
80771.0 2964
81011.0 3320
81113.0 2935
81126.0 3222
81128.0 3168
81130.0 3115
81130.0 3185
81132.0 3128
81132.0 3220
81135.0 3057
81137.0 3247
81138.0 2985
81140.0 3433
81140.0 3184
81142.0 3130
81144.0 3242
81146.0 3014
81344.0 3243
81364.0 2914
81366.0 3270
81368.0 2962
81369.0 3184
81370.0 3284
81373.0 2988
81375.0 3339
81375.0 3224
81545.0 2900
81547.0 3470
81587.0 3340
81619.0 3303
81624.0 3198
81624.0 3203
81732.0 3465
81734.0 3117
81735.0 3486
81737.0 3462
81738.0 3443
81739.0 3614
81741.0 3612
81758.0 2926
81760.0 3426
81765.0 3427
81768.0 3429
81779.0 3255
81781.0 3588
81784.0 3476
81786.0 3482
81788.0 3443
81791.0 3286
81794.0 3533
81796.0 3344
81796.0 3591
81798.0 3529
81799.0 3445
81831.0 3092
81833.0 3676
81842.0 3431
81844.0 3426
81853.0 3361
81881.0 3481
81894.0 2909
81896.0 3697
81898.0 3698
81985.0 3422
82058.0 3193
82060.0 3686
82174.0 3252
82255.0 3250
82871.0 3364
83411.0 1272
83413.0 3632
83415.0 3633
83417.0 3634
83419.0 3635
83421.0 3636
83423.0 3637
83537.0 3638
83539.0 3646
86402.0 3707
86404.0 3761
86404.0 3727
86406.0 3690
86408.0 3673
86692.0 3465
86774.0 3736
86886.0 3645
86889.0 3704
86892.0 3729
86895.0 3659
86895.0 3730
86955.0 3663
87021.0 3729
87385.0 3625
87532.0 3656
87763.0 3727
87863.0 3688
87865.0 3645
87867.0 3662
87867.0 3683
87902.0 3643
87904.0 3668
87923.0 3609
87930.0 3684
88024.0 3737
88196.0 3647
88199.0 3695
88202.0 4102
88204.0 4099
88204.0 4027
88221.0 3758
88419.0 3646
88438.0 4123
88453.0 4103
88516.0 4076
88519.0 4054
88521.0 4139
88522.0 4133
88523.0 4107
88524.0 4069
88529.0 3747
88530.0 3828
88531.0 4289
88536.0 4071
88545.0 3853
88556.0 4100
88556.0 4127
88559.0 4123
88561.0 4065
88561.0 4036
88583.0 3990
88638.0 4123
88643.0 4099
88645.0 4123
88651.0 4065
88697.0 4136
88759.0 4132
88891.0 3709
88893.0 4239
88941.0 1326
88943.0 4265
88945.0 4266
88947.0 4267
88949.0 4268
88951.0 4269
88953.0 4270
88955.0 4271
89143.0 3758
89145.0 4249
89157.0 4103
90002.0 4250
90005.0 4234
90007.0 4452
90009.0 4421
90011.0 4334
90011.0 4409
90013.0 4219
90013.0 4356
90014.0 4274
90015.0 4357
90015.0 4391
90015.0 4281
90016.0 4381
90017.0 4253
90018.0 4295
90018.0 4443
90018.0 4273
90019.0 4336
90020.0 4408
90020.0 4277
90020.0 4372
90022.0 4378
90022.0 4245
90031.0 4267
90171.0 4356
90248.0 4377
90279.0 4457
90345.0 4153
90612.0 4045
91802.0 4592
91804.0 4693
91806.0 4519
91807.0 4687
91808.0 4708
91809.0 4767
91810.0 4788
91813.0 4760
91815.0 4805
91817.0 4732
91819.0 4688
91821.0 4703
91841.0 4684
91843.0 4684
91845.0 4610
91845.0 4646
91919.0 4653
92060.0 4392
92077.0 4758
92224.0 4728
92231.0 4762
92245.0 4587
92247.0 4686
92259.0 4393
92261.0 5168
92761.0 4368
92763.0 5174
92812.0 4664
93012.0 4664
93091.0 4741
93370.0 4706
94739.0 4595
95377.0 4735
95402.0 5080
95404.0 5037
95569.0 1470
95571.0 4751
95573.0 4752
95575.0 4753
95577.0 4754
95579.0 4755
95581.0 4756
95583.0 4757
95677.0 4967
95679.0 5002
96198.0 5190
96200.0 5099
96203.0 5060
96205.0 5066
96256.0 5176
96842.0 4780
96968.0 5033
97174.0 5069
97176.0 5178
97308.0 5049
97945.0 5054
97987.0 4750
98163.0 5014
98166.0 5015
98612.0 5010
98613.0 5199
98998.0 4761
99002.0 5263
99206.0 4876
99215.0 5296
99611.0 4730
99613.0 5277
99615.0 5317
99618.0 5289
99620.0 4863
99709.0 5290
99717.0 5266
99719.0 5299
99751.0 5258
99752.0 5236
99754.0 5313
99794.0 5253
99796.0 5256
99833.0 5456
99856.0 5345
99858.0 5375
99860.0 5376
99862.0 5377
99887.0 5295
99904.0 5155
99906.0 5388
99908.0 5389
100067.0 5316
100106.0 5484
100109.0 5442
100111.0 5521
100112.0 5458
100113.0 5388
100114.0 5532
100115.0 5479
100115.0 5499
100115.0 5518
100116.0 5470
100117.0 5628
100117.0 5501
100124.0 5524
100143.0 5522
100146.0 5631
100148.0 5660
100150.0 5647
100152.0 5709
100154.0 5636
100155.0 5671
100156.0 5740
100157.0 5740
100158.0 5664
100158.0 5635
100159.0 5656
100159.0 5639
100160.0 5747
100160.0 5762
100161.0 5748
100161.0 5758
100162.0 5663
100163.0 5612
100163.0 5644
100165.0 5789
100165.0 5761
100167.0 5674
100167.0 5633
100169.0 5768
100169.0 5796
100171.0 5669
100173.0 5808
100192.0 5442
100194.0 5773
100196.0 5774
100209.0 5392
100232.0 5394
100239.0 5305
100241.0 5756
100243.0 5757
100315.0 5432
100317.0 5803
100319.0 5804
100327.0 5256
100329.0 5759
100331.0 5760
100339.0 5762
100366.0 5758
100564.0 5254
100566.0 5768
100568.0 5769
100570.0 5770
100623.0 5285
100625.0 5828
100627.0 5829
100629.0 5830
100693.0 5375
100695.0 5786
100697.0 5787
100710.0 5175
100712.0 5810
100714.0 5811
100716.0 5812
100718.0 5813
100802.0 5814
100804.0 5031
100806.0 5802
100808.0 5803
100810.0 5804
101138.0 5172
101141.0 5293
101752.0 5373
101754.0 5779
101800.0 5047
101802.0 5780
101804.0 5781
101806.0 5782
102206.0 5294
102208.0 5768
102449.0 4638
102451.0 5780
102453.0 5781
102455.0 5782
102457.0 5783
102507.0 5296
102509.0 5785
103628.0 4963
103630.0 5791
103632.0 5792
104196.0 1273
104198.0 5775
104200.0 5776
104202.0 5777
104204.0 5778
104206.0 5779
104208.0 5780
104211.0 5781
104402.0 5816
105807.0 4458
105809.0 5811
105811.0 5812
105813.0 5813
105815.0 5814
106202.0 5782
106377.0 5230
106379.0 5779
107709.0 5820
107711.0 5843
108146.0 5783
108149.0 5789
108152.0 5817
108154.0 5799
108156.0 5808
108197.0 5753
108257.0 5764
108444.0 5785
108446.0 5886
108448.0 5844
108449.0 5794
108450.0 5991
108451.0 5893
108452.0 5841
108454.0 5994
108456.0 5826
108456.0 5997
108458.0 5999
108459.0 5895
108462.0 5897
108516.0 5788
108547.0 5774
108549.0 6019
108551.0 6020
108605.0 5779
108607.0 6031
108609.0 6032
108680.0 5804
108682.0 6021
108684.0 6022
108686.0 5801
108688.0 6082
108690.0 6083
108692.0 5836
108693.0 5786
108694.0 6112
108695.0 6091
108696.0 6114
108697.0 6093
108698.0 5792
108700.0 6145
108702.0 6146
108795.0 5782
108797.0 6049
108799.0 6050
108809.0 5809
108811.0 6131
108813.0 6132
108989.0 6007
108991.0 6194
108994.0 6006
108996.0 6199
108998.0 5955
108999.0 5920
109000.0 6209
109001.0 6216
109003.0 5960
109005.0 6224
109077.0 5955
109079.0 6217
109387.0 5833
109389.0 6079
109391.0 5844
109391.0 6080
109486.0 5787
109488.0 6249
109490.0 6250
109605.0 5779
109607.0 6256
109609.0 6257
109802.0 6259
109804.0 6240
109805.0 6012
109806.0 6261
109807.0 6211
109808.0 6255
109850.0 6031
109931.0 5783
109933.0 6160
109935.0 6161
110080.0 5767
110082.0 6111
110084.0 6112
110121.0 6027
110123.0 6165
110125.0 6236
110125.0 6052
110127.0 6155
110127.0 6165
110129.0 6115
110154.0 6113
110200.0 6051
110202.0 6088
110204.0 6241
110205.0 6061
110206.0 6020
110220.0 5815
110222.0 6115
110481.0 6168
110519.0 5769
110521.0 6220
110523.0 6221
110603.0 6116
110605.0 6532
110725.0 6225
110725.0 6222
110727.0 6224
110849.0 6116
111311.0 5791
111313.0 6455
111315.0 6456
111317.0 6457
111602.0 6544
111604.0 6443
111604.0 6539
111606.0 6557
111606.0 6549
111609.0 6553
111609.0 6327
111611.0 6467
111612.0 6311
111613.0 6337
111614.0 6541
111615.0 6461
111616.0 6550
111616.0 6357
111618.0 6321
111618.0 6335
111680.0 6548
111794.0 6548
111796.0 6532
111799.0 6507
111801.0 6368
111803.0 6454
111804.0 6436
111940.0 6545
112472.0 6545
114517.0 5823
114519.0 6717
114521.0 6718
115202.0 6719
117049.0 6030
117051.0 6672
117869.0 16
118972.0 6757
118974.0 6714
119071.0 5793
119073.0 6674
119075.0 6675
119077.0 6676
119087.0 6662
119929.0 6673
122597.0 4760
122599.0 6733
122601.0 6734
123849.0 6662
124202.0 6912
124205.0 6945
125842.0 6643
125844.0 6935
129539.0 6700
131062.0 1465
131064.0 6961
131402.0 5783
131631.0 6673
131633.0 6958
133537.0 6946
133539.0 6956
140402.0 6769
140404.0 6771
144188.0 5784
145802.0 6959
151202.0 6957
154920.0 6911
155086.0 5785
156949.0 6936
156951.0 6954
157231.0 6733
157233.0 6966
157235.0 6961
157753.0 6962
158141.0 7009
158143.0 7011
158146.0 6967
158576.0 6723
158578.0 7045
158631.0 6772
158901.0 7014
158904.0 7038
158906.0 7039
158908.0 7040
159001.0 6735
159054.0 6702
159056.0 7018
159058.0 7019
159060.0 6503
159062.0 7021
159064.0 7022
159066.0 6936
159068.0 7024
159070.0 7025
159072.0 6677
159074.0 7034
159076.0 7035
159155.0 7041
159158.0 7111
159160.0 7112
159162.0 7113
159164.0 7114
159230.0 7018
159232.0 7032
159329.0 7076
159331.0 7170
159333.0 7171
159335.0 7172
159338.0 7075
159340.0 7174
159342.0 7175
159344.0 7176
159649.0 6698
159651.0 7055
159653.0 7056
159654.0 7041
159656.0 7025
159656.0 7059
159658.0 7017
159658.0 7064
159659.0 7026
159660.0 7036
159660.0 7130
159662.0 7131
159664.0 7132
160041.0 6778
160043.0 7099
160251.0 7175
160253.0 7124
160253.0 7179
160255.0 7188
160257.0 7189
160259.0 7190
160261.0 7191
160263.0 7130
160263.0 7192
160265.0 7160
160429.0 7177
160460.0 7110
160462.0 7237
160464.0 7165
160516.0 7111
160518.0 7137
160519.0 7138
160521.0 7124
160610.0 7033
160612.0 7324
160614.0 7325
160616.0 7326
160618.0 7327
160620.0 7307
160623.0 7327
160625.0 7304
160629.0 7325
160652.0 7100
160654.0 7256
160656.0 7257
160658.0 7258
160660.0 7259
160741.0 6735
160807.0 7129
160809.0 7371
161145.0 6775
161147.0 7184
161149.0 7185
161151.0 7186
161248.0 7340
161251.0 7348
161254.0 7282
161256.0 7197
161257.0 7239
161259.0 7194
161397.0 7100
161399.0 7261
161401.0 7262
161411.0 7189
161413.0 7294
161488.0 7367
161495.0 7330
161497.0 7375
161499.0 7363
161500.0 7374
161538.0 7187
161540.0 7291
161643.0 7264
161747.0 7366
161750.0 7402
161752.0 7398
161752.0 7400
161754.0 7395
161754.0 7403
161755.0 7403
161756.0 7406
161756.0 7357
161758.0 7476
161760.0 7478
161762.0 7479
161764.0 7480
161766.0 7481
161861.0 7297
161863.0 7504
161880.0 7482
161882.0 7503
161884.0 7504
161944.0 7293
161946.0 7507
162002.0 7495
162004.0 7467
162005.0 7511
162007.0 7463
162008.0 7488
162010.0 7510
162010.0 7452
162258.0 7480
163000.0 7508
163002.0 7515
163090.0 7359
163092.0 7583
163494.0 6630
163496.0 7318
163498.0 7319
163500.0 7320
163502.0 7321
164064.0 7515
164113.0 6962
164115.0 7525
164117.0 7526
164119.0 7527
164121.0 7528
164123.0 7529
164125.0 7530
164342.0 7369
164344.0 7582
164346.0 7371
164348.0 7586
164350.0 7360
164352.0 7594
164469.0 6677
164471.0 7589
164473.0 7590
164825.0 7322
164827.0 7650
164829.0 7651
164900.0 6632
164902.0 7548
164904.0 7549
164906.0 7550
164908.0 7551
164910.0 7552
164912.0 7553
164914.0 7325
164916.0 7610
164918.0 7611
164920.0 6728
164922.0 7624
164924.0 7625
164926.0 7626
164928.0 7627
164930.0 7628
164932.0 7629
164934.0 7616
164937.0 7579
164939.0 7561
164941.0 7594
164944.0 7592
164977.0 7542
165034.0 7652
165125.0 7632
165127.0 7608
165146.0 6685
165148.0 7558
165150.0 7559
165166.0 7532
165192.0 7560
165194.0 7783
165196.0 7784
165198.0 7785
165200.0 7786
165602.0 7046
165825.0 7597
165888.0 7570
165930.0 7586
166325.0 7652
166471.0 7301
166473.0 7753
166475.0 7754
166477.0 7755
166854.0 7592
166856.0 7777
166858.0 7778
166860.0 7779
166862.0 7780
167102.0 7538
167259.0 6960
167261.0 7708
167263.0 7709
167265.0 7710
167267.0 7711
167269.0 7712
167271.0 7713
167482.0 7560
168271.0 6753
168273.0 7817
168275.0 7818
168915.0 7819
168917.0 7860
168919.0 7861
169512.0 7823
169723.0 1087
169725.0 7789
169727.0 7790
169729.0 7791
169731.0 7792
169760.0 7869
169763.0 7726
169765.0 7870
169831.0 7793
169834.0 7793
169836.0 7764
169912.0 6958
169914.0 7970
169916.0 7971
169918.0 7972
169920.0 7973
169922.0 7974
169924.0 7975
169927.0 7987
169929.0 7977
169930.0 7967
170209.0 7720
170321.0 7784
170326.0 7766
170438.0 7968
170491.0 7653
170493.0 8059
170576.0 7581
170734.0 8055
170743.0 7763
170745.0 7753
170749.0 7790
170751.0 8068
170767.0 7594
170769.0 8006
170771.0 8007
170822.0 7825
170825.0 7826
170825.0 8043
170828.0 8047
170829.0 8047
170866.0 7914
170868.0 7928
171001.0 7827
171004.0 7799
171006.0 8043
171032.0 7844
171034.0 8191
171038.0 7929
171064.0 8030
171070.0 8009
171139.0 7750
171141.0 8139
171156.0 8192
171159.0 8192
171159.0 8008
171161.0 7985
171163.0 7999
171163.0 8109
171187.0 8164
171190.0 7821
171190.0 8161
171192.0 8182
171192.0 8161
171194.0 8184
171194.0 8123
171196.0 8156
171236.0 8011
171278.0 8122
171304.0 8176
171307.0 8151
171309.0 8179
171311.0 8181
171427.0 8153
171448.0 8046
171588.0 8044
171597.0 8052
171619.0 7777
171621.0 8283
171623.0 8284
171685.0 8164
171828.0 8060
171955.0 8164
172355.0 8288
172357.0 8291
172358.0 8255
172359.0 8323
172360.0 8190
172360.0 8235
172361.0 8275
172361.0 8274
172362.0 8362
172362.0 8197
172363.0 8219
172364.0 8406
172364.0 8256
172365.0 8226
172365.0 8201
172366.0 8407
172368.0 8408
172370.0 8409
172372.0 8410
172374.0 8289
172393.0 8412
172395.0 8412
172397.0 8373
172397.0 8422
172398.0 8289
172399.0 8387
172399.0 8401
172399.0 8434
172400.0 8445
172401.0 8455
172401.0 8499
172401.0 8454
172402.0 8449
172403.0 8501
172403.0 8441
172403.0 8390
172404.0 8458
172405.0 8456
172405.0 8456
172405.0 8503
172407.0 8504
172407.0 8291
172409.0 8584
172409.0 8505
172411.0 8506
172413.0 8507
172418.0 8289
172420.0 8605
172423.0 8256
172425.0 8611
172427.0 8279
172429.0 8624
172431.0 8285
172433.0 8633
172435.0 8259
172437.0 8643
172502.0 8442
172787.0 8306
172789.0 8638
