0.000000    0.030459
1.000000    0.037010
2.000000    0.044076
3.000000    0.051940
4.000000    0.059339
5.000000    0.067669
6.000000    0.075034
7.000000    0.082034
8.000000    0.088618
9.000000    0.094969
10.000000    0.101453
11.000000    0.108187
12.000000    0.116250
13.000000    0.125062
14.000000    0.135038
15.000000    0.144814
16.000000    0.154757
17.000000    0.165215
18.000000    0.174592
19.000000    0.184169
20.000000    0.194759
21.000000    0.203671
22.000000    0.212500
23.000000    0.220829
24.000000    0.231520
25.000000    0.240864
26.000000    0.251056
27.000000    0.262594
28.000000    0.273152
29.000000    0.284657
30.000000    0.297077
31.000000    0.308333
32.000000    0.319323
33.000000    0.329831
34.000000    0.339524
35.000000    0.349483
36.000000    0.359026
37.000000    0.367073
38.000000    0.374023
39.000000    0.381555
40.000000    0.389286
41.000000    0.398331
42.000000    0.405962
43.000000    0.413161
44.000000    0.421375
45.000000    0.429305
46.000000    0.436671
47.000000    0.444668
48.000000    0.452017
49.000000    0.458335
50.000000    0.464570
51.000000    0.471336
52.000000    0.477538
53.000000    0.484089
54.000000    0.490157
55.000000    0.496176
56.000000    0.501796
57.000000    0.507349
58.000000    0.512902
59.000000    0.517940
60.000000    0.523061
61.000000    0.528298
62.000000    0.533369
63.000000    0.538340
64.000000    0.542912
65.000000    0.547967
66.000000    0.552722
67.000000    0.557527
68.000000    0.561999
69.000000    0.566571
70.000000    0.570179
71.000000    0.574120
72.000000    0.578077
73.000000    0.582017
74.000000    0.585858
75.000000    0.589216
76.000000    0.592891
77.000000    0.596149
78.000000    0.598992
79.000000    0.602434
80.000000    0.605427
81.000000    0.608586
82.000000    0.611379
83.000000    0.614239
84.000000    0.617414
85.000000    0.620124
86.000000    0.623017
87.000000    0.625312
88.000000    0.628271
89.000000    0.630998
90.000000    0.633375
91.000000    0.635553
92.000000    0.637532
93.000000    0.640092
94.000000    0.642287
95.000000    0.644399
96.000000    0.646327
97.000000    0.648489
98.000000    0.650467
99.000000    0.652529
100.000000    0.654474
101.000000    0.656120
102.000000    0.658531
103.000000    0.660343
104.000000    0.662056
105.000000    0.663702
106.000000    0.665797
107.000000    0.667443
108.000000    0.669089
109.000000    0.670934
110.000000    0.672514
111.000000    0.674243
112.000000    0.676138
113.000000    0.677501
114.000000    0.679048
115.000000    0.680428
116.000000    0.681824
117.000000    0.682955
118.000000    0.684418
119.000000    0.685731
120.000000    0.686945
121.000000    0.688475
122.000000    0.689871
123.000000    0.691235
124.000000    0.692598
125.000000    0.693862
126.000000    0.695158
127.000000    0.696356
128.000000    0.697652
129.000000    0.698583
130.000000    0.699830
131.000000    0.701260
132.000000    0.702358
133.000000    0.703405
134.000000    0.704719
135.000000    0.705616
136.000000    0.706830
137.000000    0.707744
138.000000    0.708775
139.000000    0.709823
140.000000    0.710987
141.000000    0.711801
142.000000    0.712815
143.000000    0.714262
144.000000    0.715376
145.000000    0.716074
146.000000    0.716856
147.000000    0.717903
148.000000    0.719000
149.000000    0.719932
150.000000    0.720996
151.000000    0.721993
152.000000    0.722924
153.000000    0.723706
154.000000    0.724637
155.000000    0.725701
156.000000    0.726632
157.000000    0.727480
158.000000    0.728178
159.000000    0.729359
160.000000    0.730240
161.000000    0.730921
162.000000    0.731786
163.000000    0.732551
164.000000    0.733166
165.000000    0.733715
166.000000    0.734479
167.000000    0.735377
168.000000    0.736292
169.000000    0.737090
170.000000    0.737788
171.000000    0.738553
172.000000    0.739368
173.000000    0.740033
174.000000    0.740781
175.000000    0.741512
176.000000    0.742294
177.000000    0.743258
178.000000    0.744123
179.000000    0.744721
180.000000    0.745486
181.000000    0.746400
182.000000    0.747248
183.000000    0.747814
184.000000    0.748711
185.000000    0.749510
186.000000    0.750224
187.000000    0.750873
188.000000    0.751505
189.000000    0.752286
190.000000    0.752901
191.000000    0.753433
192.000000    0.754181
193.000000    0.754780
194.000000    0.755345
195.000000    0.755977
196.000000    0.756742
197.000000    0.757307
198.000000    0.758022
199.000000    0.758687
200.000000    0.759535
201.000000    0.760184
202.000000    0.760682
203.000000    0.761431
204.000000    0.762112
205.000000    0.762644
206.000000    0.763359
207.000000    0.764157
208.000000    0.764789
209.000000    0.765138
210.000000    0.765836
211.000000    0.766369
212.000000    0.766768
213.000000    0.767499
214.000000    0.768031
215.000000    0.768746
216.000000    0.769311
217.000000    0.769893
218.000000    0.770508
219.000000    0.771057
220.000000    0.771622
221.000000    0.772387
222.000000    0.772869
223.000000    0.773634
224.000000    0.774399
225.000000    0.775031
226.000000    0.775679
227.000000    0.776145
228.000000    0.776644
229.000000    0.777242
230.000000    0.777791
231.000000    0.778323
232.000000    0.778971
233.000000    0.779520
234.000000    0.779952
235.000000    0.780783
236.000000    0.781332
237.000000    0.781931
238.000000    0.782463
239.000000    0.782978
240.000000    0.783394
241.000000    0.783843
242.000000    0.784574
243.000000    0.785090
244.000000    0.785505
245.000000    0.786187
246.000000    0.786769
247.000000    0.787234
248.000000    0.787750
249.000000    0.788415
250.000000    0.788781
251.000000    0.789363
252.000000    0.790028
253.000000    0.790759
254.000000    0.791491
255.000000    0.791973
256.000000    0.792522
257.000000    0.793087
258.000000    0.793702
259.000000    0.794217
260.000000    0.794749
261.000000    0.795265
262.000000    0.795797
263.000000    0.796262
264.000000    0.796761
265.000000    0.797243
266.000000    0.797609
267.000000    0.798141
268.000000    0.798706
269.000000    0.799122
270.000000    0.799671
271.000000    0.800203
272.000000    0.800602
273.000000    0.801018
274.000000    0.801417
275.000000    0.802098
276.000000    0.802464
277.000000    0.802896
278.000000    0.803395
279.000000    0.803894
280.000000    0.804542
281.000000    0.805324
282.000000    0.805906
283.000000    0.806255
284.000000    0.806521
285.000000    0.806953
286.000000    0.807435
287.000000    0.807718
288.000000    0.808217
289.000000    0.808666
290.000000    0.809198
291.000000    0.809896
292.000000    0.810262
293.000000    0.810677
294.000000    0.811076
295.000000    0.811658
296.000000    0.812057
297.000000    0.812523
298.000000    0.812988
299.000000    0.813687
300.000000    0.814052
301.000000    0.814485
302.000000    0.814934
303.000000    0.815349
304.000000    0.815782
305.000000    0.816364
306.000000    0.816779
307.000000    0.817162
308.000000    0.817544
309.000000    0.818076
310.000000    0.818492
311.000000    0.818924
312.000000    0.819672
313.000000    0.819988
314.000000    0.820470
315.000000    0.821069
316.000000    0.821534
317.000000    0.822066
318.000000    0.822415
319.000000    0.822765
320.000000    0.823164
321.000000    0.823596
322.000000    0.824012
323.000000    0.824444
324.000000    0.824860
325.000000    0.825209
326.000000    0.825608
327.000000    0.825874
328.000000    0.826406
329.000000    0.826755
330.000000    0.827187
331.000000    0.827686
332.000000    0.827969
333.000000    0.828401
334.000000    0.828700
335.000000    0.829099
336.000000    0.829482
337.000000    0.829881
338.000000    0.830296
339.000000    0.830729
340.000000    0.831111
341.000000    0.831493
342.000000    0.831926
343.000000    0.832424
344.000000    0.832857
345.000000    0.833239
346.000000    0.833638
347.000000    0.834037
348.000000    0.834486
349.000000    0.834885
350.000000    0.835351
351.000000    0.835650
352.000000    0.836066
353.000000    0.836415
354.000000    0.836814
355.000000    0.837246
356.000000    0.837662
357.000000    0.838027
358.000000    0.838393
359.000000    0.838842
360.000000    0.839058
361.000000    0.839673
362.000000    0.840156
363.000000    0.840738
364.000000    0.841004
365.000000    0.841319
366.000000    0.841735
367.000000    0.842034
368.000000    0.842400
369.000000    0.842816
370.000000    0.843231
371.000000    0.843664
372.000000    0.844079
373.000000    0.844562
374.000000    0.845010
375.000000    0.845210
376.000000    0.845725
377.000000    0.846008
378.000000    0.846257
379.000000    0.846490
380.000000    0.846673
381.000000    0.847006
382.000000    0.847205
383.000000    0.847521
384.000000    0.847820
385.000000    0.848203
386.000000    0.848386
387.000000    0.848751
388.000000    0.848984
389.000000    0.849350
390.000000    0.849716
391.000000    0.850032
392.000000    0.850314
393.000000    0.850680
394.000000    0.851096
395.000000    0.851328
396.000000    0.851727
397.000000    0.851977
398.000000    0.852226
399.000000    0.852542
400.000000    0.852908
401.000000    0.853390
402.000000    0.853822
403.000000    0.854072
404.000000    0.854371
405.000000    0.854670
406.000000    0.855019
407.000000    0.855385
408.000000    0.855635
409.000000    0.855951
410.000000    0.856183
411.000000    0.856582
412.000000    0.856798
413.000000    0.856998
414.000000    0.857214
415.000000    0.857563
416.000000    0.857796
417.000000    0.858129
418.000000    0.858461
419.000000    0.858843
420.000000    0.859093
421.000000    0.859359
422.000000    0.859675
423.000000    0.859974
424.000000    0.860240
425.000000    0.860489
426.000000    0.860772
427.000000    0.861155
428.000000    0.861487
429.000000    0.861753
430.000000    0.861986
431.000000    0.862235
432.000000    0.862601
433.000000    0.862850
434.000000    0.863083
435.000000    0.863382
436.000000    0.863549
437.000000    0.863715
438.000000    0.864047
439.000000    0.864413
440.000000    0.864779
441.000000    0.865095
442.000000    0.865328
443.000000    0.865577
444.000000    0.865843
445.000000    0.866076
446.000000    0.866325
447.000000    0.866591
448.000000    0.866957
449.000000    0.867157
450.000000    0.867406
451.000000    0.867655
452.000000    0.868038
453.000000    0.868287
454.000000    0.868503
455.000000    0.868803
456.000000    0.868985
457.000000    0.869218
458.000000    0.869418
459.000000    0.869767
460.000000    0.870083
461.000000    0.870382
462.000000    0.870598
463.000000    0.870947
464.000000    0.871263
465.000000    0.871563
466.000000    0.871862
467.000000    0.872211
468.000000    0.872444
469.000000    0.872676
470.000000    0.872859
471.000000    0.873109
472.000000    0.873292
473.000000    0.873441
474.000000    0.873591
475.000000    0.873824
476.000000    0.874156
477.000000    0.874589
478.000000    0.874755
479.000000    0.875071
480.000000    0.875237
481.000000    0.875569
482.000000    0.875869
483.000000    0.876068
484.000000    0.876201
485.000000    0.876567
486.000000    0.876866
487.000000    0.877215
488.000000    0.877432
489.000000    0.877581
490.000000    0.877831
491.000000    0.878130
492.000000    0.878296
493.000000    0.878512
494.000000    0.878795
495.000000    0.879061
496.000000    0.879344
497.000000    0.879510
498.000000    0.879659
499.000000    0.879826
500.000000    0.879992
501.000000    0.880258
502.000000    0.880491
503.000000    0.880674
504.000000    0.880890
505.000000    0.881056
506.000000    0.881339
507.000000    0.881522
508.000000    0.881655
509.000000    0.881871
510.000000    0.882020
511.000000    0.882253
512.000000    0.882469
513.000000    0.882586
514.000000    0.882868
515.000000    0.883134
516.000000    0.883384
517.000000    0.883583
518.000000    0.883799
519.000000    0.884099
520.000000    0.884215
521.000000    0.884381
522.000000    0.884631
523.000000    0.884880
524.000000    0.885063
525.000000    0.885246
526.000000    0.885429
527.000000    0.885595
528.000000    0.885861
529.000000    0.886061
530.000000    0.886243
531.000000    0.886426
532.000000    0.886659
533.000000    0.886825
534.000000    0.887058
535.000000    0.887341
536.000000    0.887474
537.000000    0.887723
538.000000    0.887889
539.000000    0.888106
540.000000    0.888305
541.000000    0.888555
542.000000    0.888771
543.000000    0.889037
544.000000    0.889120
545.000000    0.889286
546.000000    0.889535
547.000000    0.889752
548.000000    0.889868
549.000000    0.890001
550.000000    0.890184
551.000000    0.890500
552.000000    0.890799
553.000000    0.890999
554.000000    0.891231
555.000000    0.891381
556.000000    0.891647
557.000000    0.891863
558.000000    0.892096
559.000000    0.892246
560.000000    0.892379
561.000000    0.892512
562.000000    0.892678
563.000000    0.892844
564.000000    0.892994
565.000000    0.893093
566.000000    0.893276
567.000000    0.893459
568.000000    0.893576
569.000000    0.893825
570.000000    0.894025
571.000000    0.894191
572.000000    0.894407
573.000000    0.894690
574.000000    0.894872
575.000000    0.895055
576.000000    0.895238
577.000000    0.895438
578.000000    0.895621
579.000000    0.895820
580.000000    0.896119
581.000000    0.896269
582.000000    0.896469
583.000000    0.896635
584.000000    0.896818
585.000000    0.897001
586.000000    0.897067
587.000000    0.897200
588.000000    0.897400
589.000000    0.897583
590.000000    0.897849
591.000000    0.898015
592.000000    0.898148
593.000000    0.898264
594.000000    0.898447
595.000000    0.898647
596.000000    0.898846
597.000000    0.898979
598.000000    0.899096
599.000000    0.899229
600.000000    0.899445
601.000000    0.899677
602.000000    0.899860
603.000000    0.900093
604.000000    0.900293
605.000000    0.900392
606.000000    0.900559
607.000000    0.900841
608.000000    0.900991
609.000000    0.901257
610.000000    0.901523
611.000000    0.901689
612.000000    0.901988
613.000000    0.902188
614.000000    0.902255
615.000000    0.902371
616.000000    0.902521
617.000000    0.902720
618.000000    0.902803
619.000000    0.902953
620.000000    0.903102
621.000000    0.903202
622.000000    0.903368
623.000000    0.903518
624.000000    0.903651
625.000000    0.903834
626.000000    0.903950
627.000000    0.904067
628.000000    0.904266
629.000000    0.904449
630.000000    0.904582
631.000000    0.904665
632.000000    0.904915
633.000000    0.905064
634.000000    0.905264
635.000000    0.905314
636.000000    0.905497
637.000000    0.905613
638.000000    0.905663
639.000000    0.905813
640.000000    0.905929
641.000000    0.906029
642.000000    0.906112
643.000000    0.906361
644.000000    0.906478
645.000000    0.906577
646.000000    0.906710
647.000000    0.906860
648.000000    0.906993
649.000000    0.907059
650.000000    0.907292
651.000000    0.907492
652.000000    0.907608
653.000000    0.907708
654.000000    0.907808
655.000000    0.907974
656.000000    0.908090
657.000000    0.908190
658.000000    0.908539
659.000000    0.908672
660.000000    0.908838
661.000000    0.908922
662.000000    0.909071
663.000000    0.909188
664.000000    0.909304
665.000000    0.909537
666.000000    0.909620
667.000000    0.909703
668.000000    0.909869
669.000000    0.910036
670.000000    0.910152
671.000000    0.910202
672.000000    0.910318
673.000000    0.910368
674.000000    0.910468
675.000000    0.910717
676.000000    0.910784
677.000000    0.910867
678.000000    0.911000
679.000000    0.911133
680.000000    0.911199
681.000000    0.911349
682.000000    0.911499
683.000000    0.911565
684.000000    0.911615
685.000000    0.911715
686.000000    0.911864
687.000000    0.911948
688.000000    0.912047
689.000000    0.912130
690.000000    0.912297
691.000000    0.912446
692.000000    0.912496
693.000000    0.912696
694.000000    0.912812
695.000000    0.912929
696.000000    0.913028
697.000000    0.913078
698.000000    0.913161
699.000000    0.913278
700.000000    0.913411
701.000000    0.913594
702.000000    0.913693
703.000000    0.913843
704.000000    0.913993
705.000000    0.914076
706.000000    0.914159
707.000000    0.914275
708.000000    0.914375
709.000000    0.914475
710.000000    0.914674
711.000000    0.914824
712.000000    0.915007
713.000000    0.915040
714.000000    0.915156
715.000000    0.915289
716.000000    0.915422
717.000000    0.915539
718.000000    0.915622
719.000000    0.915755
720.000000    0.915855
721.000000    0.915938
722.000000    0.915971
723.000000    0.916004
724.000000    0.916071
725.000000    0.916171
726.000000    0.916304
727.000000    0.916354
728.000000    0.916520
729.000000    0.916603
730.000000    0.916753
731.000000    0.916852
732.000000    0.916952
733.000000    0.917118
734.000000    0.917268
735.000000    0.917318
736.000000    0.917434
737.000000    0.917567
738.000000    0.917667
739.000000    0.917767
740.000000    0.917950
741.000000    0.918016
742.000000    0.918133
743.000000    0.918199
744.000000    0.918299
745.000000    0.918548
746.000000    0.918581
747.000000    0.918698
748.000000    0.918798
749.000000    0.918864
750.000000    0.918964
751.000000    0.919064
752.000000    0.919180
753.000000    0.919296
754.000000    0.919413
755.000000    0.919496
756.000000    0.919546
757.000000    0.919646
758.000000    0.919679
759.000000    0.919745
760.000000    0.919795
761.000000    0.919878
762.000000    0.920094
763.000000    0.920194
764.000000    0.920327
765.000000    0.920477
766.000000    0.920560
767.000000    0.920676
768.000000    0.920759
769.000000    0.920926
770.000000    0.921026
771.000000    0.921159
772.000000    0.921308
773.000000    0.921375
774.000000    0.921508
775.000000    0.921607
776.000000    0.921707
777.000000    0.921857
778.000000    0.921990
779.000000    0.922056
780.000000    0.922123
781.000000    0.922173
782.000000    0.922256
783.000000    0.922389
784.000000    0.922572
785.000000    0.922638
786.000000    0.922755
787.000000    0.922954
788.000000    0.923054
789.000000    0.923154
790.000000    0.923287
791.000000    0.923436
792.000000    0.923569
793.000000    0.923686
794.000000    0.923935
795.000000    0.924068
796.000000    0.924184
797.000000    0.924301
798.000000    0.924384
799.000000    0.924467
800.000000    0.924584
801.000000    0.924717
802.000000    0.924883
803.000000    0.925032
804.000000    0.925116
805.000000    0.925165
806.000000    0.925249
807.000000    0.925298
808.000000    0.925382
809.000000    0.925481
810.000000    0.925631
811.000000    0.925781
812.000000    0.925847
813.000000    0.925947
814.000000    0.926047
815.000000    0.926196
816.000000    0.926313
817.000000    0.926429
818.000000    0.926595
819.000000    0.926762
820.000000    0.926845
821.000000    0.926878
822.000000    0.926994
823.000000    0.927177
824.000000    0.927310
825.000000    0.927460
826.000000    0.927510
827.000000    0.927676
828.000000    0.927809
829.000000    0.927859
830.000000    0.927909
831.000000    0.928092
832.000000    0.928258
833.000000    0.928341
834.000000    0.928441
835.000000    0.928491
836.000000    0.928557
837.000000    0.928574
838.000000    0.928690
839.000000    0.928757
840.000000    0.928856
841.000000    0.928973
842.000000    0.929039
843.000000    0.929089
844.000000    0.929172
845.000000    0.929355
846.000000    0.929472
847.000000    0.929555
848.000000    0.929688
849.000000    0.929771
850.000000    0.929837
851.000000    0.929871
852.000000    0.929954
853.000000    0.930070
854.000000    0.930236
855.000000    0.930303
856.000000    0.930436
857.000000    0.930569
858.000000    0.930602
859.000000    0.930652
860.000000    0.930802
861.000000    0.930852
862.000000    0.930951
863.000000    0.931151
864.000000    0.931234
865.000000    0.931301
866.000000    0.931417
867.000000    0.931467
868.000000    0.931567
869.000000    0.931650
870.000000    0.931716
871.000000    0.931799
872.000000    0.931932
873.000000    0.932065
874.000000    0.932198
875.000000    0.932315
876.000000    0.932431
877.000000    0.932564
878.000000    0.932664
879.000000    0.932813
880.000000    0.932897
881.000000    0.932963
882.000000    0.933063
883.000000    0.933213
884.000000    0.933329
885.000000    0.933462
886.000000    0.933578
887.000000    0.933628
888.000000    0.933745
889.000000    0.933794
890.000000    0.933894
891.000000    0.934011
892.000000    0.934077
893.000000    0.934144
894.000000    0.934177
895.000000    0.934293
896.000000    0.934376
897.000000    0.934493
898.000000    0.934592
899.000000    0.934726
900.000000    0.934775
901.000000    0.934908
902.000000    0.934975
903.000000    0.935108
904.000000    0.935125
905.000000    0.935224
906.000000    0.935274
907.000000    0.935291
908.000000    0.935424
909.000000    0.935507
910.000000    0.935623
911.000000    0.935690
912.000000    0.935806
913.000000    0.935939
914.000000    0.936022
915.000000    0.936072
916.000000    0.936105
917.000000    0.936172
918.000000    0.936272
919.000000    0.936388
920.000000    0.936505
921.000000    0.936638
922.000000    0.936721
923.000000    0.936787
924.000000    0.936887
925.000000    0.936987
926.000000    0.937070
927.000000    0.937136
928.000000    0.937253
929.000000    0.937303
930.000000    0.937319
931.000000    0.937369
932.000000    0.937469
933.000000    0.937502
934.000000    0.937602
935.000000    0.937668
936.000000    0.937768
937.000000    0.937901
938.000000    0.937968
939.000000    0.938017
940.000000    0.938117
941.000000    0.938184
942.000000    0.938284
943.000000    0.938400
944.000000    0.938566
945.000000    0.938633
946.000000    0.938666
947.000000    0.938716
948.000000    0.938799
949.000000    0.938849
950.000000    0.938865
951.000000    0.938915
952.000000    0.939032
953.000000    0.939148
954.000000    0.939181
955.000000    0.939231
956.000000    0.939431
957.000000    0.939547
958.000000    0.939614
959.000000    0.939763
960.000000    0.939830
961.000000    0.939896
962.000000    0.939946
963.000000    0.940063
964.000000    0.940112
965.000000    0.940229
966.000000    0.940345
967.000000    0.940428
968.000000    0.940495
969.000000    0.940545
970.000000    0.940628
971.000000    0.940711
972.000000    0.940777
973.000000    0.940827
974.000000    0.940910
975.000000    0.940927
976.000000    0.940994
977.000000    0.941027
978.000000    0.941176
979.000000    0.941326
980.000000    0.941426
981.000000    0.941542
982.000000    0.941575
983.000000    0.941642
984.000000    0.941675
985.000000    0.941725
986.000000    0.941775
987.000000    0.941908
988.000000    0.941975
989.000000    0.942008
990.000000    0.942024
991.000000    0.942091
992.000000    0.942157
993.000000    0.942207
994.000000    0.942241
995.000000    0.942307
996.000000    0.942340
997.000000    0.942423
998.000000    0.942490
999.000000    0.942556
1000.000000    0.942673
1001.000000    0.942756
1002.000000    0.942806
1003.000000    0.942939
1004.000000    0.943005
1005.000000    0.943039
1007.000000    0.943072
1008.000000    0.943122
1009.000000    0.943172
1010.000000    0.943205
1011.000000    0.943305
1012.000000    0.943421
1013.000000    0.943471
1014.000000    0.943504
1015.000000    0.943604
1016.000000    0.943737
1017.000000    0.943787
1018.000000    0.943903
1019.000000    0.943986
1020.000000    0.944020
1021.000000    0.944036
1022.000000    0.944103
1023.000000    0.944136
1024.000000    0.944186
1025.000000    0.944219
1026.000000    0.944269
1027.000000    0.944319
1028.000000    0.944352
1029.000000    0.944369
1030.000000    0.944402
1031.000000    0.944452
1032.000000    0.944585
1033.000000    0.944618
1034.000000    0.944734
1035.000000    0.944818
1036.000000    0.944917
1037.000000    0.944967
1038.000000    0.945050
1039.000000    0.945100
1040.000000    0.945167
1041.000000    0.945217
1042.000000    0.945350
1043.000000    0.945416
1044.000000    0.945549
1045.000000    0.945599
1046.000000    0.945649
1047.000000    0.945732
1048.000000    0.945749
1049.000000    0.945865
1050.000000    0.945915
1051.000000    0.946031
1052.000000    0.946048
1053.000000    0.946114
1054.000000    0.946164
1055.000000    0.946247
1056.000000    0.946314
1057.000000    0.946397
1058.000000    0.946430
1059.000000    0.946513
1060.000000    0.946563
1061.000000    0.946613
1062.000000    0.946630
1063.000000    0.946663
1064.000000    0.946730
1065.000000    0.946796
1066.000000    0.946879
1067.000000    0.946946
1068.000000    0.947046
1069.000000    0.947112
1070.000000    0.947195
1072.000000    0.947312
1073.000000    0.947378
1074.000000    0.947395
1075.000000    0.947511
1076.000000    0.947578
1077.000000    0.947627
1078.000000    0.947694
1079.000000    0.947794
1080.000000    0.947860
1081.000000    0.947960
1082.000000    0.948010
1083.000000    0.948043
1084.000000    0.948093
1085.000000    0.948110
1086.000000    0.948193
1087.000000    0.948226
1088.000000    0.948276
1089.000000    0.948326
1090.000000    0.948425
1091.000000    0.948559
1092.000000    0.948592
1093.000000    0.948608
1094.000000    0.948658
1095.000000    0.948741
1096.000000    0.948841
1097.000000    0.948874
1098.000000    0.948908
1099.000000    0.948924
1100.000000    0.948991
1101.000000    0.949041
1102.000000    0.949140
1103.000000    0.949174
1104.000000    0.949224
1105.000000    0.949340
1106.000000    0.949440
1107.000000    0.949556
1108.000000    0.949606
1109.000000    0.949623
1110.000000    0.949672
1111.000000    0.949706
1112.000000    0.949756
1113.000000    0.949789
1114.000000    0.949839
1115.000000    0.949872
1116.000000    0.949988
1117.000000    0.950022
1118.000000    0.950038
1119.000000    0.950088
1120.000000    0.950188
1121.000000    0.950304
1122.000000    0.950321
1123.000000    0.950371
1124.000000    0.950387
1125.000000    0.950404
1126.000000    0.950454
1127.000000    0.950487
1128.000000    0.950520
1130.000000    0.950620
1131.000000    0.950637
1132.000000    0.950737
1133.000000    0.950770
1134.000000    0.950786
1135.000000    0.950820
1136.000000    0.950853
1137.000000    0.950919
1138.000000    0.950969
1139.000000    0.951019
1140.000000    0.951136
1141.000000    0.951169
1142.000000    0.951252
1144.000000    0.951318
1145.000000    0.951335
1146.000000    0.951385
1147.000000    0.951435
1148.000000    0.951501
1149.000000    0.951518
1150.000000    0.951535
1151.000000    0.951551
1152.000000    0.951684
1153.000000    0.951701
1154.000000    0.951751
1155.000000    0.951767
1156.000000    0.951834
1157.000000    0.951934
1158.000000    0.951950
1159.000000    0.951984
1161.000000    0.952017
1163.000000    0.952033
1165.000000    0.952050
1166.000000    0.952067
1167.000000    0.952166
1169.000000    0.952183
1170.000000    0.952233
1171.000000    0.952250
1172.000000    0.952299
1173.000000    0.952366
1174.000000    0.952399
1175.000000    0.952466
1176.000000    0.952499
1177.000000    0.952615
1178.000000    0.952665
1179.000000    0.952732
1180.000000    0.952748
1181.000000    0.952798
1182.000000    0.952881
1183.000000    0.952931
1184.000000    0.952998
1185.000000    0.953081
1186.000000    0.953114
1187.000000    0.953197
1188.000000    0.953247
1189.000000    0.953280
1190.000000    0.953297
1191.000000    0.953330
1192.000000    0.953397
1193.000000    0.953480
1194.000000    0.953563
1195.000000    0.953613
1196.000000    0.953729
1197.000000    0.953796
1198.000000    0.953912
1199.000000    0.954012
1200.000000    0.954045
1201.000000    0.954078
1202.000000    0.954145
1203.000000    0.954178
1204.000000    0.954245
1205.000000    0.954311
1206.000000    0.954361
1207.000000    0.954428
1208.000000    0.954444
1209.000000    0.954477
1210.000000    0.954527
1212.000000    0.954594
1213.000000    0.954644
1214.000000    0.954677
1215.000000    0.954743
1216.000000    0.954777
1217.000000    0.954810
1218.000000    0.954860
1219.000000    0.954926
1221.000000    0.955059
1222.000000    0.955076
1223.000000    0.955093
1224.000000    0.955142
1225.000000    0.955176
1226.000000    0.955209
1227.000000    0.955292
1228.000000    0.955375
1229.000000    0.955458
1230.000000    0.955492
1231.000000    0.955508
1232.000000    0.955558
1233.000000    0.955608
1234.000000    0.955724
1235.000000    0.955791
1236.000000    0.955924
1237.000000    0.955957
1238.000000    0.955990
1239.000000    0.956057
1240.000000    0.956074
1241.000000    0.956107
1242.000000    0.956123
1243.000000    0.956140
1245.000000    0.956173
1246.000000    0.956273
1247.000000    0.956290
1248.000000    0.956306
1249.000000    0.956340
1250.000000    0.956423
1251.000000    0.956473
1252.000000    0.956539
1253.000000    0.956622
1254.000000    0.956672
1255.000000    0.956739
1256.000000    0.956788
1257.000000    0.956838
1258.000000    0.956872
1259.000000    0.956921
1260.000000    0.956955
1261.000000    0.956988
1262.000000    0.957038
1263.000000    0.957055
1264.000000    0.957138
1265.000000    0.957154
1266.000000    0.957204
1267.000000    0.957254
1268.000000    0.957304
1270.000000    0.957404
1271.000000    0.957437
1272.000000    0.957570
1273.000000    0.957603
1274.000000    0.957670
1275.000000    0.957686
1276.000000    0.957786
1277.000000    0.957836
1278.000000    0.957952
1279.000000    0.958035
1280.000000    0.958052
1281.000000    0.958085
1282.000000    0.958168
1283.000000    0.958218
1284.000000    0.958252
1285.000000    0.958285
1286.000000    0.958318
1287.000000    0.958385
1288.000000    0.958418
1289.000000    0.958434
1290.000000    0.958451
1291.000000    0.958518
1292.000000    0.958551
1293.000000    0.958584
1294.000000    0.958601
1295.000000    0.958684
1296.000000    0.958700
1297.000000    0.958734
1298.000000    0.958784
1299.000000    0.958817
1300.000000    0.958883
1301.000000    0.958950
1302.000000    0.958983
1303.000000    0.959016
1304.000000    0.959066
1305.000000    0.959133
1306.000000    0.959149
1307.000000    0.959216
1308.000000    0.959249
1309.000000    0.959282
1310.000000    0.959299
1311.000000    0.959382
1312.000000    0.959399
1313.000000    0.959482
1314.000000    0.959499
1315.000000    0.959515
1316.000000    0.959548
1317.000000    0.959665
1318.000000    0.959681
1319.000000    0.959698
1320.000000    0.959765
1321.000000    0.959831
1322.000000    0.959864
1323.000000    0.959947
1324.000000    0.959981
1325.000000    0.960031
1326.000000    0.960097
1327.000000    0.960180
1328.000000    0.960230
1329.000000    0.960280
1330.000000    0.960297
1331.000000    0.960313
1332.000000    0.960330
1333.000000    0.960380
1334.000000    0.960396
1337.000000    0.960413
1338.000000    0.960430
1339.000000    0.960463
1340.000000    0.960479
1341.000000    0.960546
1342.000000    0.960563
1343.000000    0.960596
1344.000000    0.960613
1345.000000    0.960629
1346.000000    0.960696
1347.000000    0.960762
1348.000000    0.960812
1350.000000    0.960879
1351.000000    0.960895
1353.000000    0.960928
1354.000000    0.960962
1355.000000    0.961012
1356.000000    0.961061
1357.000000    0.961111
1358.000000    0.961178
1359.000000    0.961261
1360.000000    0.961311
1361.000000    0.961361
1362.000000    0.961411
1363.000000    0.961444
1364.000000    0.961494
1365.000000    0.961593
1366.000000    0.961627
1367.000000    0.961643
1368.000000    0.961693
1369.000000    0.961726
1370.000000    0.961776
1371.000000    0.961810
1372.000000    0.961843
1374.000000    0.961876
1376.000000    0.961909
1378.000000    0.961943
1379.000000    0.961976
1380.000000    0.962009
1381.000000    0.962059
1382.000000    0.962076
1383.000000    0.962125
1384.000000    0.962225
1385.000000    0.962259
1386.000000    0.962308
1387.000000    0.962342
1388.000000    0.962358
1389.000000    0.962425
1390.000000    0.962508
1392.000000    0.962624
1393.000000    0.962674
1395.000000    0.962741
1396.000000    0.962757
1397.000000    0.962791
1398.000000    0.962807
1399.000000    0.962840
1401.000000    0.962890
1402.000000    0.962940
1404.000000    0.962973
1405.000000    0.963040
1406.000000    0.963090
1407.000000    0.963140
1408.000000    0.963190
1409.000000    0.963223
1410.000000    0.963239
1412.000000    0.963273
1413.000000    0.963306
1414.000000    0.963339
1415.000000    0.963372
1416.000000    0.963389
1417.000000    0.963439
1419.000000    0.963456
1420.000000    0.963489
1421.000000    0.963505
1422.000000    0.963555
1423.000000    0.963572
1424.000000    0.963605
1425.000000    0.963638
1426.000000    0.963655
1427.000000    0.963705
1428.000000    0.963738
1430.000000    0.963755
1431.000000    0.963771
1432.000000    0.963788
1433.000000    0.963838
1435.000000    0.963871
1436.000000    0.963921
1437.000000    0.963938
1438.000000    0.963954
1439.000000    0.963971
1440.000000    0.964021
1441.000000    0.964104
1442.000000    0.964137
1445.000000    0.964154
1446.000000    0.964171
1447.000000    0.964304
1448.000000    0.964353
1449.000000    0.964403
1450.000000    0.964437
1451.000000    0.964470
1452.000000    0.964553
1453.000000    0.964619
1454.000000    0.964636
1455.000000    0.964653
1456.000000    0.964686
1458.000000    0.964736
1459.000000    0.964752
1460.000000    0.964786
1461.000000    0.964802
1462.000000    0.964869
1463.000000    0.964919
1464.000000    0.964952
1465.000000    0.964985
1466.000000    0.965068
1467.000000    0.965151
1468.000000    0.965168
1469.000000    0.965218
1472.000000    0.965235
1473.000000    0.965284
1474.000000    0.965334
1475.000000    0.965384
1478.000000    0.965401
1479.000000    0.965434
1480.000000    0.965451
1481.000000    0.965467
1482.000000    0.965484
1483.000000    0.965501
1485.000000    0.965534
1486.000000    0.965550
1487.000000    0.965567
1488.000000    0.965634
1489.000000    0.965667
1490.000000    0.965684
1491.000000    0.965750
1493.000000    0.965767
1494.000000    0.965800
1495.000000    0.965883
1496.000000    0.965966
1497.000000    0.966066
1498.000000    0.966083
1499.000000    0.966132
1500.000000    0.966166
1501.000000    0.966182
1502.000000    0.966216
1503.000000    0.966232
1504.000000    0.966249
1505.000000    0.966299
1506.000000    0.966315
1507.000000    0.966365
1509.000000    0.966398
1510.000000    0.966448
1511.000000    0.966465
1512.000000    0.966515
1513.000000    0.966565
1514.000000    0.966648
1516.000000    0.966714
1517.000000    0.966731
1518.000000    0.966797
1520.000000    0.966864
1521.000000    0.966897
1522.000000    0.966947
1523.000000    0.966964
1525.000000    0.966980
1526.000000    0.967014
1528.000000    0.967047
1529.000000    0.967080
1530.000000    0.967113
1531.000000    0.967130
1532.000000    0.967180
1533.000000    0.967230
1534.000000    0.967246
1535.000000    0.967263
1536.000000    0.967329
1537.000000    0.967379
1538.000000    0.967429
1539.000000    0.967446
1540.000000    0.967512
1543.000000    0.967562
1544.000000    0.967579
1546.000000    0.967662
1547.000000    0.967679
1548.000000    0.967695
1550.000000    0.967745
1551.000000    0.967812
1552.000000    0.967862
1553.000000    0.967895
1554.000000    0.967961
1555.000000    0.967995
1556.000000    0.968028
1558.000000    0.968044
1560.000000    0.968078
1561.000000    0.968111
1562.000000    0.968144
1563.000000    0.968194
1564.000000    0.968244
1565.000000    0.968310
1566.000000    0.968327
1567.000000    0.968344
1568.000000    0.968377
1569.000000    0.968410
1570.000000    0.968477
1572.000000    0.968510
1573.000000    0.968610
1574.000000    0.968693
1575.000000    0.968709
1576.000000    0.968743
1577.000000    0.968793
1578.000000    0.968809
1579.000000    0.968842
1580.000000    0.968859
1581.000000    0.968909
1582.000000    0.968942
1583.000000    0.968992
1584.000000    0.969042
1586.000000    0.969125
1587.000000    0.969175
1589.000000    0.969192
1590.000000    0.969258
1591.000000    0.969291
1592.000000    0.969358
1593.000000    0.969408
1594.000000    0.969424
1596.000000    0.969441
1597.000000    0.969474
1598.000000    0.969508
1599.000000    0.969541
1600.000000    0.969591
1601.000000    0.969641
1602.000000    0.969657
1603.000000    0.969674
1604.000000    0.969690
1605.000000    0.969707
1606.000000    0.969724
1607.000000    0.969757
1608.000000    0.969807
1609.000000    0.969857
1611.000000    0.969907
1614.000000    0.969956
1615.000000    0.970040
1616.000000    0.970106
1617.000000    0.970156
1620.000000    0.970173
1621.000000    0.970206
1622.000000    0.970222
1623.000000    0.970256
1624.000000    0.970289
1625.000000    0.970322
1626.000000    0.970405
1627.000000    0.970439
1628.000000    0.970455
1629.000000    0.970505
1630.000000    0.970538
1631.000000    0.970555
1632.000000    0.970621
1633.000000    0.970655
1634.000000    0.970738
1635.000000    0.970754
1636.000000    0.970788
1637.000000    0.970838
1639.000000    0.970854
1640.000000    0.970871
1641.000000    0.970921
1642.000000    0.970937
1644.000000    0.970987
1645.000000    0.971004
1646.000000    0.971070
1649.000000    0.971087
1650.000000    0.971137
1652.000000    0.971170
1653.000000    0.971187
1654.000000    0.971237
1656.000000    0.971270
1658.000000    0.971320
1659.000000    0.971336
1660.000000    0.971386
1661.000000    0.971486
1662.000000    0.971536
1663.000000    0.971569
1664.000000    0.971602
1665.000000    0.971619
1666.000000    0.971652
1667.000000    0.971669
1668.000000    0.971735
1669.000000    0.971752
1670.000000    0.971819
1672.000000    0.971835
1673.000000    0.971885
1675.000000    0.971902
1677.000000    0.971985
1678.000000    0.972001
1679.000000    0.972068
1680.000000    0.972085
1681.000000    0.972101
1682.000000    0.972118
1684.000000    0.972151
1685.000000    0.972184
1686.000000    0.972218
1687.000000    0.972234
1688.000000    0.972284
1689.000000    0.972301
1690.000000    0.972317
1691.000000    0.972367
1693.000000    0.972417
1694.000000    0.972434
1697.000000    0.972484
1698.000000    0.972550
1699.000000    0.972600
1700.000000    0.972617
1701.000000    0.972667
1702.000000    0.972700
1703.000000    0.972733
1704.000000    0.972750
1705.000000    0.972766
1706.000000    0.972783
1707.000000    0.972800
1709.000000    0.972833
1710.000000    0.972849
1712.000000    0.972883
1713.000000    0.972899
1714.000000    0.972916
1716.000000    0.972933
1718.000000    0.972982
1719.000000    0.973016
1720.000000    0.973032
1721.000000    0.973049
1722.000000    0.973066
1723.000000    0.973099
1724.000000    0.973115
1726.000000    0.973149
1727.000000    0.973199
1728.000000    0.973248
1729.000000    0.973265
1730.000000    0.973315
1731.000000    0.973332
1733.000000    0.973348
1734.000000    0.973365
1736.000000    0.973381
1737.000000    0.973415
1738.000000    0.973431
1739.000000    0.973448
1740.000000    0.973465
1743.000000    0.973481
1745.000000    0.973498
1746.000000    0.973514
1747.000000    0.973548
1749.000000    0.973564
1750.000000    0.973581
1751.000000    0.973631
1752.000000    0.973647
1753.000000    0.973681
1754.000000    0.973697
1755.000000    0.973731
1757.000000    0.973764
1758.000000    0.973780
1759.000000    0.973797
1760.000000    0.973830
1761.000000    0.973847
1762.000000    0.973864
1763.000000    0.973897
1764.000000    0.973913
1765.000000    0.973980
1766.000000    0.973997
1768.000000    0.974030
1769.000000    0.974096
1770.000000    0.974130
1771.000000    0.974163
1772.000000    0.974196
1773.000000    0.974229
1775.000000    0.974263
1776.000000    0.974279
1777.000000    0.974296
1778.000000    0.974313
1779.000000    0.974346
1780.000000    0.974362
1781.000000    0.974379
1782.000000    0.974396
1784.000000    0.974429
1785.000000    0.974462
1786.000000    0.974529
1788.000000    0.974562
1789.000000    0.974579
1790.000000    0.974612
1791.000000    0.974628
1792.000000    0.974645
1793.000000    0.974662
1794.000000    0.974678
1795.000000    0.974695
1796.000000    0.974712
1797.000000    0.974728
1798.000000    0.974761
1799.000000    0.974778
1800.000000    0.974811
1801.000000    0.974828
1802.000000    0.974861
1803.000000    0.974894
1805.000000    0.974911
1806.000000    0.974928
1807.000000    0.974944
1808.000000    0.974994
1809.000000    0.975011
1811.000000    0.975044
1812.000000    0.975061
1814.000000    0.975077
1816.000000    0.975111
1817.000000    0.975127
1818.000000    0.975177
1819.000000    0.975194
1821.000000    0.975210
1822.000000    0.975227
1824.000000    0.975244
1826.000000    0.975260
1827.000000    0.975277
1828.000000    0.975293
1829.000000    0.975310
1833.000000    0.975343
1834.000000    0.975360
1836.000000    0.975377
1837.000000    0.975393
1838.000000    0.975410
1840.000000    0.975476
1842.000000    0.975493
1843.000000    0.975510
1844.000000    0.975559
1845.000000    0.975609
1846.000000    0.975659
1847.000000    0.975676
1849.000000    0.975692
1850.000000    0.975726
1853.000000    0.975792
1854.000000    0.975809
1855.000000    0.975825
1856.000000    0.975875
1857.000000    0.975909
1858.000000    0.975959
1862.000000    0.975975
1864.000000    0.975992
1865.000000    0.976008
1866.000000    0.976042
1867.000000    0.976058
1868.000000    0.976092
1869.000000    0.976108
1870.000000    0.976141
1871.000000    0.976191
1872.000000    0.976225
1873.000000    0.976241
1874.000000    0.976308
1875.000000    0.976324
1876.000000    0.976358
1877.000000    0.976391
1878.000000    0.976424
1879.000000    0.976441
1880.000000    0.976457
1881.000000    0.976474
1882.000000    0.976540
1883.000000    0.976557
1884.000000    0.976574
1887.000000    0.976590
1888.000000    0.976607
1889.000000    0.976624
1891.000000    0.976690
1892.000000    0.976707
1893.000000    0.976740
1894.000000    0.976773
1897.000000    0.976790
1898.000000    0.976823
1899.000000    0.976856
1900.000000    0.976873
1901.000000    0.976890
1902.000000    0.976906
1904.000000    0.976923
1905.000000    0.976956
1906.000000    0.976973
1907.000000    0.977023
1908.000000    0.977056
1909.000000    0.977072
1910.000000    0.977089
1912.000000    0.977122
1913.000000    0.977156
1914.000000    0.977189
1915.000000    0.977239
1916.000000    0.977272
1918.000000    0.977322
1919.000000    0.977355
1920.000000    0.977388
1924.000000    0.977455
1925.000000    0.977471
1926.000000    0.977488
1927.000000    0.977505
1928.000000    0.977555
1932.000000    0.977571
1933.000000    0.977604
1934.000000    0.977621
1935.000000    0.977638
1937.000000    0.977654
1938.000000    0.977688
1939.000000    0.977721
1942.000000    0.977738
1943.000000    0.977771
1944.000000    0.977787
1947.000000    0.977821
1948.000000    0.977837
1949.000000    0.977871
1951.000000    0.977887
1952.000000    0.977904
1953.000000    0.977937
1955.000000    0.977970
1956.000000    0.978004
1957.000000    0.978070
1958.000000    0.978103
1959.000000    0.978137
1961.000000    0.978153
1962.000000    0.978220
1963.000000    0.978270
1964.000000    0.978286
1965.000000    0.978319
1966.000000    0.978336
1967.000000    0.978369
1968.000000    0.978403
1969.000000    0.978419
1970.000000    0.978436
1971.000000    0.978536
1972.000000    0.978552
1973.000000    0.978569
1974.000000    0.978619
1976.000000    0.978635
1977.000000    0.978652
1978.000000    0.978685
1980.000000    0.978735
1981.000000    0.978785
1982.000000    0.978818
1983.000000    0.978835
1984.000000    0.978851
1985.000000    0.978901
1986.000000    0.978918
1987.000000    0.978951
1988.000000    0.979001
1990.000000    0.979051
1991.000000    0.979068
1992.000000    0.979101
1993.000000    0.979117
1994.000000    0.979184
1995.000000    0.979234
1996.000000    0.979250
1998.000000    0.979267
1999.000000    0.979300
2001.000000    0.979334
2002.000000    0.979350
2003.000000    0.979417
2004.000000    0.979450
2005.000000    0.979467
2006.000000    0.979483
2007.000000    0.979500
2008.000000    0.979533
2009.000000    0.979566
2010.000000    0.979600
2011.000000    0.979633
2012.000000    0.979666
2013.000000    0.979699
2014.000000    0.979716
2015.000000    0.979766
2016.000000    0.979816
2018.000000    0.979849
2020.000000    0.979882
2021.000000    0.979916
2022.000000    0.979949
2025.000000    0.979965
2026.000000    0.979999
2027.000000    0.980015
2028.000000    0.980065
2030.000000    0.980082
2031.000000    0.980115
2032.000000    0.980148
2033.000000    0.980182
2034.000000    0.980215
2037.000000    0.980265
2038.000000    0.980298
2039.000000    0.980331
2040.000000    0.980348
2041.000000    0.980364
2042.000000    0.980398
2044.000000    0.980414
2045.000000    0.980431
2046.000000    0.980464
2047.000000    0.980497
2048.000000    0.980531
2049.000000    0.980547
2050.000000    0.980564
2051.000000    0.980614
2053.000000    0.980680
2054.000000    0.980697
2056.000000    0.980714
2061.000000    0.980763
2062.000000    0.980780
2063.000000    0.980847
2067.000000    0.980863
2068.000000    0.980880
2070.000000    0.980913
2073.000000    0.980930
2074.000000    0.980946
2075.000000    0.980963
2077.000000    0.980996
2078.000000    0.981029
2079.000000    0.981063
2082.000000    0.981079
2083.000000    0.981096
2084.000000    0.981113
2085.000000    0.981129
2086.000000    0.981163
2087.000000    0.981212
2088.000000    0.981262
2089.000000    0.981279
2092.000000    0.981296
2094.000000    0.981312
2095.000000    0.981345
2096.000000    0.981362
2097.000000    0.981395
2099.000000    0.981412
2101.000000    0.981429
2102.000000    0.981445
2103.000000    0.981478
2104.000000    0.981495
2105.000000    0.981512
2106.000000    0.981545
2107.000000    0.981562
2108.000000    0.981578
2111.000000    0.981611
2112.000000    0.981645
2114.000000    0.981678
2115.000000    0.981744
2117.000000    0.981761
2118.000000    0.981778
2120.000000    0.981794
2121.000000    0.981844
2122.000000    0.981861
2123.000000    0.981877
2125.000000    0.981894
2126.000000    0.981911
2127.000000    0.981927
2128.000000    0.981944
2129.000000    0.981994
2130.000000    0.982027
2131.000000    0.982044
2132.000000    0.982060
2133.000000    0.982077
2138.000000    0.982110
2140.000000    0.982127
2141.000000    0.982210
2143.000000    0.982243
2144.000000    0.982276
2145.000000    0.982293
2146.000000    0.982360
2147.000000    0.982376
2150.000000    0.982409
2151.000000    0.982426
2152.000000    0.982443
2153.000000    0.982476
2154.000000    0.982493
2157.000000    0.982509
2159.000000    0.982542
2160.000000    0.982559
2161.000000    0.982592
2163.000000    0.982609
2164.000000    0.982626
2165.000000    0.982675
2166.000000    0.982692
2168.000000    0.982709
2170.000000    0.982742
2171.000000    0.982775
2172.000000    0.982808
2174.000000    0.982825
2176.000000    0.982858
2178.000000    0.982875
2180.000000    0.982925
2181.000000    0.982958
2185.000000    0.983008
2186.000000    0.983041
2187.000000    0.983075
2188.000000    0.983091
2190.000000    0.983108
2191.000000    0.983124
2194.000000    0.983141
2195.000000    0.983174
2196.000000    0.983191
2198.000000    0.983241
2200.000000    0.983274
2201.000000    0.983291
2202.000000    0.983307
2203.000000    0.983324
2204.000000    0.983407
2207.000000    0.983424
2209.000000    0.983457
2211.000000    0.983490
2213.000000    0.983523
2216.000000    0.983557
2217.000000    0.983607
2220.000000    0.983623
2221.000000    0.983640
2222.000000    0.983656
2223.000000    0.983706
2224.000000    0.983773
2225.000000    0.983806
2226.000000    0.983839
2227.000000    0.983856
2229.000000    0.983889
2230.000000    0.983906
2232.000000    0.983922
2233.000000    0.983939
2234.000000    0.983956
2235.000000    0.983972
2236.000000    0.983989
2237.000000    0.984006
2238.000000    0.984022
2240.000000    0.984039
2241.000000    0.984072
2242.000000    0.984105
2247.000000    0.984139
2248.000000    0.984155
2249.000000    0.984172
2251.000000    0.984188
2252.000000    0.984222
2253.000000    0.984238
2255.000000    0.984255
2257.000000    0.984305
2259.000000    0.984338
2260.000000    0.984355
2262.000000    0.984371
2263.000000    0.984388
2264.000000    0.984421
2265.000000    0.984438
2266.000000    0.984454
2267.000000    0.984488
2268.000000    0.984538
2269.000000    0.984571
2271.000000    0.984604
2274.000000    0.984621
2275.000000    0.984687
2277.000000    0.984704
2279.000000    0.984737
2282.000000    0.984770
2283.000000    0.984787
2285.000000    0.984854
2286.000000    0.984903
2287.000000    0.984920
2288.000000    0.984970
2290.000000    0.985003
2292.000000    0.985070
2293.000000    0.985086
2294.000000    0.985103
2295.000000    0.985136
2298.000000    0.985169
2300.000000    0.985186
2301.000000    0.985236
2302.000000    0.985253
2303.000000    0.985269
2305.000000    0.985302
2306.000000    0.985319
2308.000000    0.985336
2310.000000    0.985369
2311.000000    0.985402
2312.000000    0.985485
2314.000000    0.985502
2315.000000    0.985519
2316.000000    0.985535
2320.000000    0.985552
2326.000000    0.985585
2327.000000    0.985618
2328.000000    0.985635
2331.000000    0.985685
2333.000000    0.985701
2334.000000    0.985751
2339.000000    0.985768
2341.000000    0.985801
2342.000000    0.985851
2345.000000    0.985868
2346.000000    0.985901
2348.000000    0.985934
2349.000000    0.985951
2353.000000    0.985967
2355.000000    0.986001
2356.000000    0.986034
2360.000000    0.986084
2361.000000    0.986117
2365.000000    0.986134
2370.000000    0.986150
2371.000000    0.986167
2372.000000    0.986184
2374.000000    0.986233
2378.000000    0.986250
2379.000000    0.986267
2380.000000    0.986283
2381.000000    0.986300
2382.000000    0.986333
2384.000000    0.986383
2388.000000    0.986400
2392.000000    0.986416
2396.000000    0.986433
2398.000000    0.986466
2399.000000    0.986483
2403.000000    0.986516
2406.000000    0.986549
2409.000000    0.986566
2410.000000    0.986599
2411.000000    0.986616
2412.000000    0.986633
2413.000000    0.986682
2417.000000    0.986699
2419.000000    0.986716
2422.000000    0.986732
2423.000000    0.986766
2424.000000    0.986782
2425.000000    0.986799
2426.000000    0.986832
2427.000000    0.986849
2428.000000    0.986865
2430.000000    0.986899
2433.000000    0.986915
2442.000000    0.986948
2443.000000    0.986965
2444.000000    0.986982
2453.000000    0.986998
2455.000000    0.987015
2456.000000    0.987032
2458.000000    0.987048
2460.000000    0.987065
2463.000000    0.987081
2466.000000    0.987098
2468.000000    0.987131
2469.000000    0.987165
2472.000000    0.987198
2477.000000    0.987231
2478.000000    0.987281
2479.000000    0.987298
2480.000000    0.987314
2481.000000    0.987397
2482.000000    0.987414
2485.000000    0.987464
2488.000000    0.987514
2491.000000    0.987530
2492.000000    0.987547
2493.000000    0.987564
2494.000000    0.987613
2496.000000    0.987647
2497.000000    0.987663
2505.000000    0.987680
2507.000000    0.987697
2509.000000    0.987713
2512.000000    0.987730
2513.000000    0.987746
2514.000000    0.987763
2515.000000    0.987813
2516.000000    0.987830
2517.000000    0.987846
2518.000000    0.987863
2519.000000    0.987913
2520.000000    0.987929
2521.000000    0.987946
2522.000000    0.987963
2524.000000    0.988013
2525.000000    0.988046
2526.000000    0.988062
2527.000000    0.988079
2531.000000    0.988112
2532.000000    0.988129
2534.000000    0.988146
2535.000000    0.988179
2536.000000    0.988195
2537.000000    0.988212
2538.000000    0.988229
2539.000000    0.988262
2540.000000    0.988295
2542.000000    0.988328
2543.000000    0.988345
2544.000000    0.988362
2547.000000    0.988378
2549.000000    0.988395
2552.000000    0.988412
2554.000000    0.988428
2555.000000    0.988445
2556.000000    0.988461
2558.000000    0.988478
2560.000000    0.988495
2562.000000    0.988511
2563.000000    0.988528
2565.000000    0.988561
2566.000000    0.988611
2568.000000    0.988644
2569.000000    0.988661
2572.000000    0.988678
2573.000000    0.988711
2575.000000    0.988761
2576.000000    0.988777
2577.000000    0.988794
2580.000000    0.988827
2581.000000    0.988844
2583.000000    0.988877
2585.000000    0.988894
2589.000000    0.988910
2593.000000    0.988960
2595.000000    0.988977
2596.000000    0.988993
2597.000000    0.989027
2598.000000    0.989060
2600.000000    0.989077
2602.000000    0.989093
2607.000000    0.989110
2608.000000    0.989126
2612.000000    0.989143
2614.000000    0.989160
2615.000000    0.989176
2619.000000    0.989210
2620.000000    0.989243
2621.000000    0.989259
2622.000000    0.989293
2623.000000    0.989326
2629.000000    0.989343
2632.000000    0.989392
2635.000000    0.989442
2637.000000    0.989476
2638.000000    0.989492
2639.000000    0.989509
2640.000000    0.989525
2642.000000    0.989542
2643.000000    0.989559
2644.000000    0.989575
2645.000000    0.989625
2646.000000    0.989658
2647.000000    0.989675
2648.000000    0.989692
2652.000000    0.989708
2654.000000    0.989725
2658.000000    0.989758
2659.000000    0.989775
2660.000000    0.989841
2663.000000    0.989858
2664.000000    0.989875
2665.000000    0.989891
2667.000000    0.989925
2668.000000    0.989958
2669.000000    0.990008
2670.000000    0.990024
2672.000000    0.990041
2673.000000    0.990074
2674.000000    0.990091
2675.000000    0.990107
2679.000000    0.990124
2680.000000    0.990141
2683.000000    0.990174
2684.000000    0.990207
2686.000000    0.990224
2690.000000    0.990274
2693.000000    0.990307
2694.000000    0.990324
2695.000000    0.990340
2696.000000    0.990357
2697.000000    0.990423
2698.000000    0.990440
2701.000000    0.990457
2702.000000    0.990490
2704.000000    0.990506
2705.000000    0.990523
2706.000000    0.990556
2708.000000    0.990573
2711.000000    0.990590
2714.000000    0.990689
2716.000000    0.990706
2718.000000    0.990723
2720.000000    0.990739
2721.000000    0.990756
2723.000000    0.990772
2726.000000    0.990789
2727.000000    0.990806
2731.000000    0.990822
2733.000000    0.990872
2738.000000    0.990889
2740.000000    0.990905
2742.000000    0.990922
2743.000000    0.990939
2744.000000    0.990972
2747.000000    0.990989
2750.000000    0.991005
2751.000000    0.991022
2752.000000    0.991038
2755.000000    0.991055
2756.000000    0.991088
2759.000000    0.991105
2760.000000    0.991122
2763.000000    0.991138
2764.000000    0.991155
2765.000000    0.991171
2768.000000    0.991188
2769.000000    0.991205
2772.000000    0.991221
2774.000000    0.991238
2780.000000    0.991255
2782.000000    0.991271
2788.000000    0.991288
2789.000000    0.991304
2792.000000    0.991321
2808.000000    0.991354
2809.000000    0.991371
2812.000000    0.991388
2815.000000    0.991404
2817.000000    0.991421
2820.000000    0.991438
2822.000000    0.991454
2823.000000    0.991504
2825.000000    0.991521
2826.000000    0.991554
2830.000000    0.991571
2831.000000    0.991587
2832.000000    0.991604
2834.000000    0.991620
2841.000000    0.991637
2849.000000    0.991654
2853.000000    0.991670
2855.000000    0.991687
2859.000000    0.991720
2860.000000    0.991737
2861.000000    0.991753
2863.000000    0.991770
2865.000000    0.991787
2867.000000    0.991803
2868.000000    0.991837
2872.000000    0.991853
2879.000000    0.991870
2882.000000    0.991886
2885.000000    0.991903
2888.000000    0.991920
2889.000000    0.991936
2890.000000    0.991953
2891.000000    0.991970
2894.000000    0.991986
2895.000000    0.992003
2901.000000    0.992019
2903.000000    0.992036
2909.000000    0.992053
2913.000000    0.992069
2919.000000    0.992103
2921.000000    0.992119
2924.000000    0.992136
2928.000000    0.992152
2929.000000    0.992186
2932.000000    0.992202
2933.000000    0.992219
2939.000000    0.992236
2941.000000    0.992252
2943.000000    0.992269
2947.000000    0.992285
2948.000000    0.992335
2950.000000    0.992352
2952.000000    0.992369
2954.000000    0.992402
2956.000000    0.992418
2972.000000    0.992452
2978.000000    0.992468
2983.000000    0.992485
2985.000000    0.992518
2989.000000    0.992551
2992.000000    0.992568
2994.000000    0.992585
2995.000000    0.992601
3000.000000    0.992618
3006.000000    0.992651
3007.000000    0.992668
3008.000000    0.992684
3024.000000    0.992701
3027.000000    0.992718
3031.000000    0.992734
3032.000000    0.992751
3034.000000    0.992768
3036.000000    0.992784
3038.000000    0.992801
3043.000000    0.992817
3056.000000    0.992834
3058.000000    0.992851
3059.000000    0.992867
3061.000000    0.992884
3063.000000    0.992901
3065.000000    0.992917
3070.000000    0.992934
3073.000000    0.992950
3078.000000    0.992967
3083.000000    0.993017
3085.000000    0.993050
3086.000000    0.993067
3087.000000    0.993083
3091.000000    0.993100
3093.000000    0.993117
3097.000000    0.993150
3100.000000    0.993167
3102.000000    0.993183
3103.000000    0.993200
3105.000000    0.993217
3114.000000    0.993233
3115.000000    0.993250
3128.000000    0.993266
3130.000000    0.993283
3134.000000    0.993300
3140.000000    0.993316
3148.000000    0.993333
3149.000000    0.993350
3153.000000    0.993366
3157.000000    0.993383
3158.000000    0.993399
3162.000000    0.993416
3173.000000    0.993433
3176.000000    0.993449
3180.000000    0.993466
3182.000000    0.993483
3185.000000    0.993499
3187.000000    0.993516
3192.000000    0.993532
3194.000000    0.993549
3195.000000    0.993566
3196.000000    0.993582
3202.000000    0.993599
3206.000000    0.993632
3216.000000    0.993649
3225.000000    0.993665
3237.000000    0.993682
3243.000000    0.993715
3245.000000    0.993732
3248.000000    0.993749
3257.000000    0.993765
3261.000000    0.993782
3267.000000    0.993798
3274.000000    0.993815
3276.000000    0.993832
3277.000000    0.993848
3284.000000    0.993865
3290.000000    0.993882
3293.000000    0.993898
3297.000000    0.993915
3302.000000    0.993931
3305.000000    0.993948
3308.000000    0.993965
3315.000000    0.993981
3323.000000    0.993998
3328.000000    0.994015
3331.000000    0.994031
3335.000000    0.994048
3337.000000    0.994064
3339.000000    0.994081
3342.000000    0.994098
3348.000000    0.994114
3349.000000    0.994131
3352.000000    0.994164
3354.000000    0.994181
3362.000000    0.994197
3364.000000    0.994214
3365.000000    0.994231
3366.000000    0.994247
3371.000000    0.994264
3374.000000    0.994281
3378.000000    0.994297
3379.000000    0.994314
3381.000000    0.994347
3383.000000    0.994397
3384.000000    0.994414
3387.000000    0.994447
3393.000000    0.994463
3394.000000    0.994480
3396.000000    0.994513
3398.000000    0.994530
3399.000000    0.994547
3406.000000    0.994563
3408.000000    0.994580
3411.000000    0.994596
3415.000000    0.994613
3416.000000    0.994630
3420.000000    0.994663
3421.000000    0.994680
3423.000000    0.994696
3425.000000    0.994713
3426.000000    0.994746
3433.000000    0.994779
3437.000000    0.994796
3444.000000    0.994813
3452.000000    0.994829
3453.000000    0.994846
3460.000000    0.994863
3461.000000    0.994879
3469.000000    0.994896
3479.000000    0.994912
3481.000000    0.994946
3482.000000    0.994979
3484.000000    0.995012
3486.000000    0.995045
3489.000000    0.995062
3495.000000    0.995079
3498.000000    0.995112
3499.000000    0.995129
3504.000000    0.995145
3506.000000    0.995162
3508.000000    0.995195
3511.000000    0.995212
3512.000000    0.995228
3515.000000    0.995245
3517.000000    0.995278
3518.000000    0.995295
3521.000000    0.995311
3527.000000    0.995328
3528.000000    0.995345
3530.000000    0.995361
3531.000000    0.995395
3535.000000    0.995428
3545.000000    0.995444
3546.000000    0.995461
3548.000000    0.995478
3553.000000    0.995511
3560.000000    0.995528
3561.000000    0.995561
3570.000000    0.995577
3571.000000    0.995594
3579.000000    0.995611
3581.000000    0.995627
3584.000000    0.995644
3589.000000    0.995661
3590.000000    0.995677
3597.000000    0.995694
3598.000000    0.995710
3602.000000    0.995727
3603.000000    0.995760
3604.000000    0.995777
3607.000000    0.995794
3609.000000    0.995810
3612.000000    0.995827
3619.000000    0.995843
3621.000000    0.995860
3627.000000    0.995877
3628.000000    0.995893
3631.000000    0.995910
3637.000000    0.995927
3640.000000    0.995960
3641.000000    0.995976
3642.000000    0.995993
3650.000000    0.996026
3653.000000    0.996043
3655.000000    0.996060
3657.000000    0.996076
3659.000000    0.996093
3661.000000    0.996109
3663.000000    0.996143
3668.000000    0.996159
3672.000000    0.996176
3674.000000    0.996193
3682.000000    0.996209
3690.000000    0.996226
3698.000000    0.996242
3700.000000    0.996259
3701.000000    0.996276
3708.000000    0.996309
3720.000000    0.996326
3722.000000    0.996342
3723.000000    0.996359
3728.000000    0.996375
3737.000000    0.996392
3742.000000    0.996409
3752.000000    0.996425
3756.000000    0.996442
3757.000000    0.996459
3766.000000    0.996475
3773.000000    0.996492
3780.000000    0.996508
3783.000000    0.996525
3787.000000    0.996542
3789.000000    0.996558
3800.000000    0.996575
3805.000000    0.996592
3810.000000    0.996608
3812.000000    0.996625
3826.000000    0.996642
3827.000000    0.996658
3839.000000    0.996675
3842.000000    0.996691
3845.000000    0.996708
3855.000000    0.996725
3857.000000    0.996741
3858.000000    0.996758
3865.000000    0.996775
3880.000000    0.996791
3899.000000    0.996808
3900.000000    0.996824
3905.000000    0.996841
3925.000000    0.996858
3938.000000    0.996874
3942.000000    0.996891
3956.000000    0.996908
3965.000000    0.996924
3967.000000    0.996941
3977.000000    0.996957
3985.000000    0.996974
3987.000000    0.996991
4000.000000    0.997024
4005.000000    0.997041
4013.000000    0.997057
4016.000000    0.997074
4027.000000    0.997090
4029.000000    0.997107
4039.000000    0.997124
4045.000000    0.997140
4052.000000    0.997157
4054.000000    0.997174
4060.000000    0.997190
4076.000000    0.997207
4086.000000    0.997223
4094.000000    0.997240
4108.000000    0.997257
4116.000000    0.997290
4118.000000    0.997307
4120.000000    0.997323
4125.000000    0.997340
4127.000000    0.997356
4129.000000    0.997373
4131.000000    0.997390
4137.000000    0.997406
4146.000000    0.997423
4155.000000    0.997440
4161.000000    0.997456
4169.000000    0.997473
4176.000000    0.997489
4194.000000    0.997506
4199.000000    0.997523
4200.000000    0.997539
4201.000000    0.997556
4203.000000    0.997573
4205.000000    0.997589
4217.000000    0.997606
4233.000000    0.997622
4239.000000    0.997639
4246.000000    0.997656
4258.000000    0.997672
4266.000000    0.997706
4267.000000    0.997722
4306.000000    0.997739
4307.000000    0.997755
4318.000000    0.997772
4319.000000    0.997789
4323.000000    0.997805
4334.000000    0.997822
4363.000000    0.997839
4376.000000    0.997855
4379.000000    0.997872
4393.000000    0.997888
4402.000000    0.997905
4405.000000    0.997922
4409.000000    0.997938
4422.000000    0.997955
4424.000000    0.997972
4430.000000    0.997988
4446.000000    0.998005
4448.000000    0.998038
4455.000000    0.998055
4465.000000    0.998088
4467.000000    0.998105
4469.000000    0.998121
4470.000000    0.998138
4472.000000    0.998154
4484.000000    0.998171
4489.000000    0.998188
4491.000000    0.998204
4492.000000    0.998221
4495.000000    0.998238
4505.000000    0.998254
4508.000000    0.998271
4513.000000    0.998288
4516.000000    0.998304
4531.000000    0.998321
4543.000000    0.998354
4546.000000    0.998371
4556.000000    0.998387
4576.000000    0.998404
4617.000000    0.998421
4621.000000    0.998437
4641.000000    0.998454
4671.000000    0.998470
4681.000000    0.998487
4747.000000    0.998504
4766.000000    0.998520
4770.000000    0.998537
4771.000000    0.998554
4772.000000    0.998570
4774.000000    0.998587
4801.000000    0.998603
4867.000000    0.998620
4881.000000    0.998637
4923.000000    0.998653
4928.000000    0.998687
4929.000000    0.998703
4930.000000    0.998720
4942.000000    0.998736
4952.000000    0.998753
4953.000000    0.998770
4965.000000    0.998786
4969.000000    0.998803
5012.000000    0.998820
5021.000000    0.998836
5032.000000    0.998853
5035.000000    0.998869
5049.000000    0.998886
5052.000000    0.998903
5054.000000    0.998919
5057.000000    0.998936
5059.000000    0.998969
5061.000000    0.998986
5077.000000    0.999002
5078.000000    0.999019
5091.000000    0.999036
5106.000000    0.999052
5119.000000    0.999069
5128.000000    0.999086
5146.000000    0.999102
5162.000000    0.999119
5176.000000    0.999135
5177.000000    0.999152
5189.000000    0.999169
5200.000000    0.999185
5212.000000    0.999202
5243.000000    0.999219
5262.000000    0.999235
5271.000000    0.999252
5276.000000    0.999268
5302.000000    0.999285
5338.000000    0.999302
5439.000000    0.999318
5473.000000    0.999335
5491.000000    0.999352
5505.000000    0.999368
5577.000000    0.999385
5655.000000    0.999401
5658.000000    0.999418
5676.000000    0.999435
5704.000000    0.999451
5762.000000    0.999468
5769.000000    0.999485
5786.000000    0.999518
5791.000000    0.999534
5809.000000    0.999551
5823.000000    0.999568
5865.000000    0.999584
5873.000000    0.999601
5878.000000    0.999618
5926.000000    0.999634
6115.000000    0.999651
6163.000000    0.999667
6234.000000    0.999684
6318.000000    0.999701
6324.000000    0.999717
6411.000000    0.999734
6519.000000    0.999751
6612.000000    0.999767
6669.000000    0.999784
6681.000000    0.999800
6691.000000    0.999817
6694.000000    0.999834
6757.000000    0.999850
6944.000000    0.999867
6987.000000    0.999884
6989.000000    0.999900
6998.000000    0.999917
7086.000000    0.999933
7120.000000    0.999950
7415.000000    0.999967
7449.000000    0.999983
7919.000000    1.000000
