60    1
120    1
180    1
240    1
300    3
360    4
420    5
480    7
540    10
600    12
660    16
720    22
780    21
840    28
900    31
960    40
1020    47
1080    50
1140    56
1200    57
1260    57
1320    57
1380    57
1440    57
1500    58
1560    58
1620    59
1680    62
1740    62
1800    62
1860    62
1920    62
1980    62
2040    62
2100    62
2160    62
2220    62
2280    62
2340    62
2400    62
2460    62
2520    62
2580    62
2640    62
2700    62
2760    62
2820    62
2880    62
2940    62
3000    62
3060    62
3120    62
3180    62
3240    62
3300    62
3360    62
3420    62
3480    62
3540    62
3600    62
3660    62
3720    62
3780    62
3840    62
3900    62
3960    62
4020    62
4080    62
4140    62
4200    62
4260    62
4320    62
4380    62
4440    62
4500    62
4560    62
4620    62
4680    62
4740    62
4800    62
4860    62
4920    62
4980    62
5040    62
5100    62
5160    62
5220    62
5280    62
5340    62
5400    62
5460    62
5520    62
5580    62
5640    62
5700    62
5760    62
5820    62
5880    62
5940    62
6000    62
6060    62
6120    62
6180    62
6240    62
6300    62
6360    62
6420    62
6480    62
6540    62
6600    62
6660    62
6720    62
6780    62
6840    62
6900    62
6960    62
7020    62
7080    62
7140    62
7200    62
7260    62
7320    62
7380    62
7440    62
7500    62
7560    62
7620    62
7680    62
7740    62
7800    62
7860    62
7920    62
7980    62
8040    62
8100    62
8160    62
8220    62
8280    62
8340    62
8400    62
8460    62
8520    62
8580    62
8640    62
8700    62
8760    62
8820    62
8880    62
8940    62
9000    62
9060    62
9120    62
9180    62
9240    62
9300    62
9360    62
9420    62
9480    62
9540    62
9600    62
9660    62
9720    62
9780    62
9840    62
9900    62
9960    62
10020    62
10080    62
10140    62
