60    62
120    62
180    62
240    62
300    59
360    59
420    58
480    55
540    52
600    49
660    45
720    41
780    41
840    35
900    31
960    23
1020    16
1080    13
1140    7
1200    6
1260    6
1320    6
1380    6
1440    6
1500    5
1560    5
1620    4
1680    1
1740    1
1800    1
1860    1
1920    1
1980    1
2040    1
2100    1
2160    1
2220    1
2280    1
2340    1
2400    1
2460    1
2520    1
2580    1
2640    1
2700    1
2760    1
2820    1
2880    1
2940    1
3000    1
3060    1
3120    1
3180    1
3240    1
3300    1
3360    1
3420    1
3480    1
3540    1
3600    1
3660    1
3720    1
3780    1
3840    1
3900    1
3960    1
4020    1
4080    1
4140    1
4200    1
4260    1
4320    1
4380    1
4440    1
4500    1
4560    1
4620    1
4680    1
4740    1
4800    1
4860    1
4920    1
4980    1
5040    1
5100    1
5160    1
5220    1
5280    1
5340    1
5400    1
5460    1
5520    1
5580    1
5640    1
5700    1
5760    1
5820    1
5880    1
5940    1
6000    1
6060    1
6120    1
6180    1
6240    1
6300    1
6360    1
6420    1
6480    1
6540    1
6600    1
6660    1
6720    1
6780    1
6840    1
6900    1
6960    1
7020    1
7080    1
7140    1
7200    1
7260    1
7320    1
7380    1
7440    1
7500    1
7560    1
7620    1
7680    1
7740    1
7800    1
7860    1
7920    1
7980    1
8040    1
8100    1
8160    1
8220    1
8280    1
8340    1
8400    1
8460    1
8520    1
8580    1
8640    1
8700    1
8760    1
8820    1
8880    1
8940    1
9000    1
9060    1
9120    1
9180    1
9240    1
9300    1
9360    1
9420    1
9480    1
9540    1
9600    1
9660    1
9720    1
9780    1
9840    1
9900    1
9960    1
10020    1
10080    1
10140    1
