0.000000    0.858851
1.000000    0.878064
2.000000    0.886785
3.000000    0.894793
4.000000    0.901322
5.000000    0.907807
6.000000    0.920758
7.000000    0.939081
8.000000    0.941219
9.000000    0.943392
10.000000    0.945922
11.000000    0.948407
12.000000    0.951240
13.000000    0.958045
14.000000    0.961484
15.000000    0.962588
16.000000    0.963372
17.000000    0.963915
18.000000    0.964566
19.000000    0.965643
20.000000    0.970062
21.000000    0.970774
22.000000    0.971460
23.000000    0.971906
24.000000    0.972556
25.000000    0.973429
26.000000    0.975023
27.000000    0.977544
28.000000    0.978016
29.000000    0.978657
30.000000    0.978880
31.000000    0.979130
32.000000    0.979317
33.000000    0.980546
34.000000    0.981294
35.000000    0.981437
36.000000    0.981606
37.000000    0.981748
38.000000    0.981998
39.000000    0.982212
40.000000    0.983494
41.000000    0.983726
42.000000    0.983753
43.000000    0.983851
44.000000    0.983957
45.000000    0.984109
46.000000    0.984590
47.000000    0.985303
48.000000    0.985400
49.000000    0.985498
50.000000    0.985579
51.000000    0.985650
52.000000    0.985739
53.000000    0.986336
54.000000    0.986790
55.000000    0.986897
56.000000    0.986959
57.000000    0.987057
58.000000    0.987146
59.000000    0.987280
60.000000    0.988393
61.000000    0.988509
62.000000    0.988554
63.000000    0.988580
64.000000    0.988598
65.000000    0.988652
66.000000    0.988901
67.000000    0.989311
68.000000    0.989382
69.000000    0.989436
70.000000    0.989525
71.000000    0.989640
72.000000    0.989676
73.000000    0.990068
74.000000    0.990291
75.000000    0.990335
76.000000    0.990407
77.000000    0.990442
78.000000    0.990469
79.000000    0.990531
80.000000    0.990959
81.000000    0.991057
82.000000    0.991110
83.000000    0.991119
84.000000    0.991128
85.000000    0.991173
86.000000    0.991315
87.000000    0.991502
88.000000    0.991538
89.000000    0.991565
90.000000    0.991618
91.000000    0.991671
92.000000    0.991689
93.000000    0.991921
94.000000    0.992046
95.000000    0.992117
96.000000    0.992161
97.000000    0.992188
98.000000    0.992206
99.000000    0.992250
100.000000    0.992571
101.000000    0.992598
103.000000    0.992607
104.000000    0.992642
105.000000    0.992687
106.000000    0.992803
107.000000    0.993016
108.000000    0.993025
109.000000    0.993043
110.000000    0.993061
111.000000    0.993079
112.000000    0.993123
113.000000    0.993230
114.000000    0.993319
115.000000    0.993337
116.000000    0.993373
117.000000    0.993382
118.000000    0.993399
119.000000    0.993453
120.000000    0.993640
121.000000    0.993685
122.000000    0.993711
123.000000    0.993738
125.000000    0.993747
126.000000    0.993818
127.000000    0.993943
128.000000    0.993970
129.000000    0.994014
130.000000    0.994041
131.000000    0.994068
132.000000    0.994085
133.000000    0.994219
134.000000    0.994308
135.000000    0.994326
136.000000    0.994353
137.000000    0.994370
140.000000    0.994495
141.000000    0.994504
142.000000    0.994549
143.000000    0.994557
145.000000    0.994575
146.000000    0.994629
147.000000    0.994736
148.000000    0.994745
150.000000    0.994771
151.000000    0.994789
152.000000    0.994816
153.000000    0.994905
154.000000    0.994949
155.000000    0.994967
156.000000    0.995003
157.000000    0.995012
158.000000    0.995021
159.000000    0.995047
160.000000    0.995163
161.000000    0.995181
162.000000    0.995217
163.000000    0.995226
164.000000    0.995234
165.000000    0.995243
166.000000    0.995252
167.000000    0.995324
168.000000    0.995350
169.000000    0.995359
170.000000    0.995368
172.000000    0.995377
173.000000    0.995413
174.000000    0.995466
175.000000    0.995475
176.000000    0.995484
177.000000    0.995519
178.000000    0.995546
179.000000    0.995564
180.000000    0.995680
181.000000    0.995707
182.000000    0.995742
184.000000    0.995751
185.000000    0.995760
186.000000    0.995787
187.000000    0.995822
188.000000    0.995840
190.000000    0.995858
192.000000    0.995876
193.000000    0.995929
194.000000    0.995956
196.000000    0.995992
197.000000    0.996000
198.000000    0.996009
199.000000    0.996045
200.000000    0.996143
201.000000    0.996161
203.000000    0.996196
204.000000    0.996214
205.000000    0.996232
206.000000    0.996277
207.000000    0.996348
208.000000    0.996375
209.000000    0.996392
210.000000    0.996410
211.000000    0.996428
212.000000    0.996446
213.000000    0.996499
214.000000    0.996526
215.000000    0.996562
216.000000    0.996579
219.000000    0.996597
220.000000    0.996606
223.000000    0.996624
224.000000    0.996633
225.000000    0.996642
226.000000    0.996669
227.000000    0.996704
228.000000    0.996713
230.000000    0.996740
232.000000    0.996758
233.000000    0.996793
234.000000    0.996820
235.000000    0.996829
236.000000    0.996856
238.000000    0.996873
239.000000    0.996891
240.000000    0.996971
241.000000    0.996989
242.000000    0.997034
243.000000    0.997043
244.000000    0.997061
246.000000    0.997078
247.000000    0.997096
248.000000    0.997123
249.000000    0.997141
250.000000    0.997167
251.000000    0.997185
252.000000    0.997194
253.000000    0.997230
254.000000    0.997256
255.000000    0.997265
258.000000    0.997274
260.000000    0.997328
261.000000    0.997337
262.000000    0.997346
264.000000    0.997354
265.000000    0.997372
266.000000    0.997399
267.000000    0.997417
269.000000    0.997426
271.000000    0.997435
273.000000    0.997461
274.000000    0.997506
275.000000    0.997515
277.000000    0.997524
278.000000    0.997533
280.000000    0.997577
282.000000    0.997586
283.000000    0.997595
284.000000    0.997604
285.000000    0.997631
286.000000    0.997657
287.000000    0.997693
289.000000    0.997711
290.000000    0.997720
292.000000    0.997737
293.000000    0.997791
294.000000    0.997844
295.000000    0.997853
298.000000    0.997871
300.000000    0.997960
302.000000    0.997987
305.000000    0.997996
306.000000    0.998014
307.000000    0.998023
310.000000    0.998031
311.000000    0.998049
313.000000    0.998094
314.000000    0.998121
315.000000    0.998138
317.000000    0.998156
318.000000    0.998165
319.000000    0.998183
320.000000    0.998201
324.000000    0.998218
326.000000    0.998272
327.000000    0.998299
328.000000    0.998308
330.000000    0.998316
333.000000    0.998334
334.000000    0.998343
336.000000    0.998352
339.000000    0.998361
340.000000    0.998397
342.000000    0.998414
343.000000    0.998432
344.000000    0.998441
345.000000    0.998450
347.000000    0.998495
348.000000    0.998504
349.000000    0.998512
352.000000    0.998530
353.000000    0.998566
354.000000    0.998575
356.000000    0.998602
357.000000    0.998610
359.000000    0.998619
360.000000    0.998637
361.000000    0.998655
364.000000    0.998664
366.000000    0.998673
367.000000    0.998682
369.000000    0.998691
370.000000    0.998699
375.000000    0.998708
377.000000    0.998717
378.000000    0.998726
380.000000    0.998744
382.000000    0.998753
384.000000    0.998771
386.000000    0.998780
387.000000    0.998806
388.000000    0.998815
390.000000    0.998824
391.000000    0.998833
393.000000    0.998851
394.000000    0.998860
398.000000    0.998869
400.000000    0.998895
403.000000    0.998904
406.000000    0.998922
407.000000    0.998931
408.000000    0.998949
410.000000    0.998958
413.000000    0.998985
414.000000    0.998993
416.000000    0.999020
420.000000    0.999029
422.000000    0.999038
424.000000    0.999056
425.000000    0.999065
426.000000    0.999074
427.000000    0.999083
431.000000    0.999091
433.000000    0.999100
437.000000    0.999118
438.000000    0.999127
440.000000    0.999136
443.000000    0.999145
444.000000    0.999154
446.000000    0.999181
447.000000    0.999189
453.000000    0.999216
454.000000    0.999252
456.000000    0.999261
457.000000    0.999270
460.000000    0.999296
462.000000    0.999305
464.000000    0.999314
465.000000    0.999323
467.000000    0.999359
468.000000    0.999368
474.000000    0.999385
476.000000    0.999394
479.000000    0.999403
480.000000    0.999412
483.000000    0.999421
487.000000    0.999430
490.000000    0.999439
504.000000    0.999448
505.000000    0.999457
507.000000    0.999474
513.000000    0.999483
515.000000    0.999492
523.000000    0.999501
524.000000    0.999510
526.000000    0.999519
527.000000    0.999546
528.000000    0.999555
529.000000    0.999564
537.000000    0.999572
545.000000    0.999581
546.000000    0.999590
547.000000    0.999599
553.000000    0.999608
555.000000    0.999617
565.000000    0.999626
568.000000    0.999635
573.000000    0.999644
580.000000    0.999670
583.000000    0.999679
585.000000    0.999688
586.000000    0.999697
587.000000    0.999706
599.000000    0.999715
613.000000    0.999724
627.000000    0.999733
632.000000    0.999742
634.000000    0.999751
636.000000    0.999759
661.000000    0.999768
683.000000    0.999777
684.000000    0.999786
690.000000    0.999795
708.000000    0.999804
713.000000    0.999813
714.000000    0.999831
720.000000    0.999840
747.000000    0.999857
760.000000    0.999866
822.000000    0.999875
825.000000    0.999884
932.000000    0.999893
939.000000    0.999902
946.000000    0.999911
947.000000    0.999920
971.000000    0.999929
994.000000    0.999938
999.000000    0.999947
1104.000000    0.999955
1126.000000    0.999964
1147.000000    0.999973
1190.000000    0.999982
1420.000000    0.999991
1494.000000    1.000000
