0.000000    0.461107
1.000000    0.462398
2.000000    0.465381
3.000000    0.468943
4.000000    0.472505
5.000000    0.477136
6.000000    0.480965
7.000000    0.504252
8.000000    0.505365
9.000000    0.505944
10.000000    0.506790
11.000000    0.507725
12.000000    0.508660
13.000000    0.509907
14.000000    0.514538
15.000000    0.515205
16.000000    0.515784
17.000000    0.516319
18.000000    0.516808
19.000000    0.517387
20.000000    0.518055
21.000000    0.518901
22.000000    0.519524
23.000000    0.519881
24.000000    0.520148
25.000000    0.520504
26.000000    0.521083
27.000000    0.521573
28.000000    0.522196
29.000000    0.522908
30.000000    0.523354
31.000000    0.523576
32.000000    0.523977
33.000000    0.524467
34.000000    0.525046
35.000000    0.525402
36.000000    0.525847
37.000000    0.526604
38.000000    0.527094
39.000000    0.527851
40.000000    0.528430
41.000000    0.528830
42.000000    0.529231
43.000000    0.529943
44.000000    0.530611
45.000000    0.531146
46.000000    0.531903
47.000000    0.532437
48.000000    0.532882
49.000000    0.533372
50.000000    0.533817
51.000000    0.534173
52.000000    0.534663
53.000000    0.535287
54.000000    0.535643
55.000000    0.536311
56.000000    0.536711
57.000000    0.537068
58.000000    0.537602
59.000000    0.538047
60.000000    0.538448
61.000000    0.539027
62.000000    0.539695
63.000000    0.540184
64.000000    0.540852
65.000000    0.541476
66.000000    0.542099
67.000000    0.542366
68.000000    0.542856
69.000000    0.543078
70.000000    0.543568
71.000000    0.543969
72.000000    0.544236
73.000000    0.544503
74.000000    0.545082
75.000000    0.545973
76.000000    0.546284
77.000000    0.546685
78.000000    0.547175
79.000000    0.547843
80.000000    0.548377
81.000000    0.548822
82.000000    0.549089
83.000000    0.549757
84.000000    0.550292
85.000000    0.550826
86.000000    0.551271
87.000000    0.551761
88.000000    0.552295
89.000000    0.552696
90.000000    0.553275
91.000000    0.553765
92.000000    0.554121
93.000000    0.554477
94.000000    0.554967
95.000000    0.555501
96.000000    0.556035
97.000000    0.556481
98.000000    0.557238
99.000000    0.557638
100.000000    0.557906
101.000000    0.558084
102.000000    0.558395
103.000000    0.558930
104.000000    0.559241
105.000000    0.559909
106.000000    0.560399
107.000000    0.560844
108.000000    0.561245
109.000000    0.565341
110.000000    0.569883
111.000000    0.574291
112.000000    0.578922
113.000000    0.582840
114.000000    0.588673
115.000000    0.594906
116.000000    0.600205
117.000000    0.606216
118.000000    0.611514
119.000000    0.618193
120.000000    0.624160
121.000000    0.630171
122.000000    0.636003
123.000000    0.641836
124.000000    0.647625
125.000000    0.652879
126.000000    0.658444
127.000000    0.663209
128.000000    0.667973
129.000000    0.670021
130.000000    0.672158
131.000000    0.674429
132.000000    0.675898
133.000000    0.677546
134.000000    0.679238
135.000000    0.680841
136.000000    0.681598
137.000000    0.682132
138.000000    0.682844
139.000000    0.683690
140.000000    0.684803
141.000000    0.685427
142.000000    0.685872
143.000000    0.686495
144.000000    0.686896
145.000000    0.687341
146.000000    0.687742
147.000000    0.688276
148.000000    0.689033
149.000000    0.689479
150.000000    0.689835
151.000000    0.690146
152.000000    0.690458
153.000000    0.690592
154.000000    0.690903
155.000000    0.691349
156.000000    0.691928
157.000000    0.692506
158.000000    0.692684
159.000000    0.693085
160.000000    0.693530
161.000000    0.693798
162.000000    0.694065
163.000000    0.694332
164.000000    0.694822
165.000000    0.695089
166.000000    0.695401
167.000000    0.695668
168.000000    0.696113
169.000000    0.696425
170.000000    0.696870
171.000000    0.697226
172.000000    0.697716
173.000000    0.698028
174.000000    0.698339
175.000000    0.698918
176.000000    0.699319
177.000000    0.699541
178.000000    0.699898
179.000000    0.700209
180.000000    0.700476
181.000000    0.700922
182.000000    0.701322
183.000000    0.701812
184.000000    0.702257
185.000000    0.702525
186.000000    0.702925
187.000000    0.703371
188.000000    0.703816
189.000000    0.704306
190.000000    0.704573
191.000000    0.704974
192.000000    0.705330
193.000000    0.705597
194.000000    0.706220
195.000000    0.706487
196.000000    0.706799
197.000000    0.707289
198.000000    0.707779
199.000000    0.708224
200.000000    0.708536
201.000000    0.708803
202.000000    0.709426
203.000000    0.709560
204.000000    0.709871
205.000000    0.710495
206.000000    0.710762
207.000000    0.711430
208.000000    0.711786
209.000000    0.712231
210.000000    0.712587
211.000000    0.712855
212.000000    0.713433
213.000000    0.713834
214.000000    0.714279
215.000000    0.714636
216.000000    0.714858
217.000000    0.715437
218.000000    0.715971
219.000000    0.716283
220.000000    0.717174
221.000000    0.717797
222.000000    0.718910
223.000000    0.720157
224.000000    0.721136
225.000000    0.722249
226.000000    0.723541
227.000000    0.725411
228.000000    0.727503
229.000000    0.729641
230.000000    0.732891
231.000000    0.734672
232.000000    0.736765
233.000000    0.739392
234.000000    0.742197
235.000000    0.744557
236.000000    0.747273
237.000000    0.751013
238.000000    0.753239
239.000000    0.756222
240.000000    0.758805
241.000000    0.761877
242.000000    0.765306
243.000000    0.767621
244.000000    0.770426
245.000000    0.772875
246.000000    0.775458
247.000000    0.777149
248.000000    0.779064
249.000000    0.780845
250.000000    0.782359
251.000000    0.783517
252.000000    0.784630
253.000000    0.785431
254.000000    0.786322
255.000000    0.787123
256.000000    0.787791
257.000000    0.788593
258.000000    0.789171
259.000000    0.789661
260.000000    0.789884
261.000000    0.790374
262.000000    0.790908
263.000000    0.791264
264.000000    0.791576
265.000000    0.792155
266.000000    0.792555
267.000000    0.792912
268.000000    0.793090
269.000000    0.793357
270.000000    0.793624
271.000000    0.794025
272.000000    0.794158
273.000000    0.794514
274.000000    0.794826
275.000000    0.795093
276.000000    0.795405
277.000000    0.795628
278.000000    0.796028
279.000000    0.796117
280.000000    0.796340
281.000000    0.796607
282.000000    0.796830
283.000000    0.797141
284.000000    0.797453
285.000000    0.797676
286.000000    0.797943
287.000000    0.798433
288.000000    0.798611
289.000000    0.798744
290.000000    0.799012
291.000000    0.799279
292.000000    0.799501
293.000000    0.799679
294.000000    0.799858
295.000000    0.800214
296.000000    0.800614
297.000000    0.800882
298.000000    0.800926
299.000000    0.801238
300.000000    0.801683
301.000000    0.801906
302.000000    0.802128
303.000000    0.802395
304.000000    0.802885
305.000000    0.803286
307.000000    0.803509
308.000000    0.803776
309.000000    0.803998
310.000000    0.804266
311.000000    0.804310
312.000000    0.804755
313.000000    0.805067
314.000000    0.805334
315.000000    0.805646
316.000000    0.806047
317.000000    0.806269
318.000000    0.806314
319.000000    0.806670
320.000000    0.806804
321.000000    0.807026
322.000000    0.807160
323.000000    0.807427
324.000000    0.807694
325.000000    0.807917
326.000000    0.808184
327.000000    0.808540
328.000000    0.808718
329.000000    0.808941
330.000000    0.809074
331.000000    0.809475
332.000000    0.810054
333.000000    0.810321
334.000000    0.810722
335.000000    0.810944
336.000000    0.811479
337.000000    0.811879
338.000000    0.812547
339.000000    0.813126
340.000000    0.813705
341.000000    0.814640
342.000000    0.815798
343.000000    0.816822
344.000000    0.817356
345.000000    0.818024
346.000000    0.819582
347.000000    0.820250
348.000000    0.821274
349.000000    0.822699
350.000000    0.823768
351.000000    0.825148
352.000000    0.826128
353.000000    0.826840
354.000000    0.828087
355.000000    0.829066
356.000000    0.830491
357.000000    0.831871
358.000000    0.833697
359.000000    0.835122
360.000000    0.836725
361.000000    0.838060
362.000000    0.839218
363.000000    0.840331
364.000000    0.841533
365.000000    0.842691
366.000000    0.843582
367.000000    0.844294
368.000000    0.845318
369.000000    0.846164
370.000000    0.846966
371.000000    0.847723
372.000000    0.848613
373.000000    0.849236
374.000000    0.849815
375.000000    0.850350
376.000000    0.850750
377.000000    0.851463
378.000000    0.852131
379.000000    0.852620
380.000000    0.852977
381.000000    0.853377
382.000000    0.853644
383.000000    0.854090
384.000000    0.854446
385.000000    0.854713
386.000000    0.855069
387.000000    0.855292
388.000000    0.855425
389.000000    0.855604
390.000000    0.855693
391.000000    0.855782
392.000000    0.856004
393.000000    0.856093
394.000000    0.856138
395.000000    0.856271
396.000000    0.856360
397.000000    0.856628
398.000000    0.856761
399.000000    0.856939
400.000000    0.857073
401.000000    0.857117
402.000000    0.857206
403.000000    0.857563
404.000000    0.857830
405.000000    0.857963
406.000000    0.858097
408.000000    0.858231
409.000000    0.858275
410.000000    0.858409
411.000000    0.858631
412.000000    0.858720
413.000000    0.858854
414.000000    0.858987
415.000000    0.859210
416.000000    0.859388
418.000000    0.859522
419.000000    0.859700
420.000000    0.859789
421.000000    0.860056
422.000000    0.860190
423.000000    0.860368
424.000000    0.860546
425.000000    0.860724
426.000000    0.860991
427.000000    0.861169
428.000000    0.861258
429.000000    0.861392
430.000000    0.861659
431.000000    0.861704
432.000000    0.861882
433.000000    0.862015
434.000000    0.862149
435.000000    0.862238
436.000000    0.862371
437.000000    0.862639
438.000000    0.862861
439.000000    0.862995
440.000000    0.863084
441.000000    0.863262
442.000000    0.863396
443.000000    0.863663
444.000000    0.863796
445.000000    0.863930
446.000000    0.864152
447.000000    0.864286
448.000000    0.864642
449.000000    0.864731
450.000000    0.865043
451.000000    0.865266
452.000000    0.865488
453.000000    0.865844
454.000000    0.866112
455.000000    0.866156
456.000000    0.866334
457.000000    0.866779
458.000000    0.867180
459.000000    0.867492
460.000000    0.867937
461.000000    0.868471
462.000000    0.868961
463.000000    0.869540
464.000000    0.869985
465.000000    0.870520
466.000000    0.871098
467.000000    0.871499
468.000000    0.871900
469.000000    0.872523
470.000000    0.872924
471.000000    0.873681
472.000000    0.874705
473.000000    0.875106
474.000000    0.875774
475.000000    0.876442
476.000000    0.877198
477.000000    0.877866
478.000000    0.878267
479.000000    0.878579
480.000000    0.879113
481.000000    0.879781
482.000000    0.880493
483.000000    0.881161
484.000000    0.881562
485.000000    0.882185
486.000000    0.882675
487.000000    0.883298
488.000000    0.884011
489.000000    0.884412
490.000000    0.885213
491.000000    0.885569
492.000000    0.886460
493.000000    0.886816
494.000000    0.887261
495.000000    0.887617
496.000000    0.888330
497.000000    0.888686
498.000000    0.888909
499.000000    0.889176
500.000000    0.889354
501.000000    0.889666
502.000000    0.889933
503.000000    0.890289
504.000000    0.890645
505.000000    0.890957
506.000000    0.891269
507.000000    0.891491
508.000000    0.891625
509.000000    0.891758
510.000000    0.892115
511.000000    0.892382
513.000000    0.892560
514.000000    0.892604
515.000000    0.892738
516.000000    0.892827
517.000000    0.892961
518.000000    0.893139
519.000000    0.893317
520.000000    0.893450
521.000000    0.893628
522.000000    0.893673
524.000000    0.893896
525.000000    0.894074
526.000000    0.894252
527.000000    0.894341
528.000000    0.894474
529.000000    0.894519
530.000000    0.894786
531.000000    0.894875
532.000000    0.894920
534.000000    0.894964
535.000000    0.895009
537.000000    0.895053
538.000000    0.895231
539.000000    0.895320
540.000000    0.895409
541.000000    0.895677
542.000000    0.895810
543.000000    0.895944
545.000000    0.896077
546.000000    0.896122
547.000000    0.896211
548.000000    0.896255
549.000000    0.896389
550.000000    0.896567
551.000000    0.896612
552.000000    0.896745
553.000000    0.896834
554.000000    0.897057
555.000000    0.897279
556.000000    0.897458
557.000000    0.897502
558.000000    0.897725
559.000000    0.897947
560.000000    0.898036
561.000000    0.898304
562.000000    0.898393
563.000000    0.898571
564.000000    0.898838
565.000000    0.898927
566.000000    0.899016
567.000000    0.899150
568.000000    0.899372
569.000000    0.899461
570.000000    0.899595
571.000000    0.899684
572.000000    0.899817
573.000000    0.899951
574.000000    0.900174
575.000000    0.900485
576.000000    0.900797
577.000000    0.901020
578.000000    0.901198
579.000000    0.901376
580.000000    0.901509
581.000000    0.901732
582.000000    0.901910
583.000000    0.902444
584.000000    0.902979
585.000000    0.903379
586.000000    0.903691
587.000000    0.904136
588.000000    0.904493
589.000000    0.904804
590.000000    0.905161
591.000000    0.905650
592.000000    0.905917
593.000000    0.906140
594.000000    0.906363
595.000000    0.906719
596.000000    0.907120
597.000000    0.907609
598.000000    0.907877
599.000000    0.908188
600.000000    0.908455
601.000000    0.909079
602.000000    0.909747
603.000000    0.910325
604.000000    0.910637
605.000000    0.910771
606.000000    0.911038
607.000000    0.911261
608.000000    0.911661
609.000000    0.912017
610.000000    0.912329
611.000000    0.912730
612.000000    0.913131
613.000000    0.913353
614.000000    0.913620
615.000000    0.913843
616.000000    0.914288
617.000000    0.914644
618.000000    0.914956
619.000000    0.915090
620.000000    0.915312
621.000000    0.915446
622.000000    0.915580
623.000000    0.915891
624.000000    0.916025
625.000000    0.916069
626.000000    0.916247
627.000000    0.916604
628.000000    0.916782
629.000000    0.917004
630.000000    0.917138
631.000000    0.917182
632.000000    0.917227
633.000000    0.917494
634.000000    0.917539
635.000000    0.917628
636.000000    0.917806
637.000000    0.917850
638.000000    0.917984
639.000000    0.918073
640.000000    0.918207
641.000000    0.918340
642.000000    0.918385
643.000000    0.918563
645.000000    0.918741
646.000000    0.918785
647.000000    0.918963
648.000000    0.919008
650.000000    0.919052
651.000000    0.919097
652.000000    0.919186
654.000000    0.919231
655.000000    0.919320
656.000000    0.919453
657.000000    0.919498
658.000000    0.919542
659.000000    0.919587
660.000000    0.919676
661.000000    0.919720
663.000000    0.919898
664.000000    0.919988
666.000000    0.920121
667.000000    0.920299
668.000000    0.920344
669.000000    0.920388
670.000000    0.920522
671.000000    0.920655
672.000000    0.920700
673.000000    0.920834
675.000000    0.920967
676.000000    0.921012
678.000000    0.921056
679.000000    0.921101
680.000000    0.921323
681.000000    0.921412
682.000000    0.921546
683.000000    0.921590
684.000000    0.921635
686.000000    0.921680
687.000000    0.921769
688.000000    0.921858
689.000000    0.921947
690.000000    0.922080
691.000000    0.922214
692.000000    0.922436
693.000000    0.922481
694.000000    0.922659
695.000000    0.922882
696.000000    0.923015
697.000000    0.923238
698.000000    0.923416
699.000000    0.923683
700.000000    0.923950
701.000000    0.923995
702.000000    0.924039
703.000000    0.924307
704.000000    0.924485
705.000000    0.924885
706.000000    0.925063
707.000000    0.925375
708.000000    0.925553
709.000000    0.925687
710.000000    0.926132
711.000000    0.926221
712.000000    0.926666
713.000000    0.926800
714.000000    0.927156
715.000000    0.927334
716.000000    0.927512
717.000000    0.927646
718.000000    0.927780
719.000000    0.927958
720.000000    0.928180
721.000000    0.928358
722.000000    0.928536
723.000000    0.928670
724.000000    0.928937
725.000000    0.929026
726.000000    0.929427
727.000000    0.929605
728.000000    0.929783
729.000000    0.930139
730.000000    0.930629
731.000000    0.930763
732.000000    0.931030
733.000000    0.931119
734.000000    0.931297
735.000000    0.931386
736.000000    0.931564
737.000000    0.931653
738.000000    0.931787
739.000000    0.932098
740.000000    0.932321
741.000000    0.932410
743.000000    0.932544
744.000000    0.932722
745.000000    0.932811
746.000000    0.932989
747.000000    0.933167
749.000000    0.933256
750.000000    0.933434
751.000000    0.933568
752.000000    0.933746
753.000000    0.933835
754.000000    0.933924
755.000000    0.933969
756.000000    0.934058
757.000000    0.934147
758.000000    0.934191
759.000000    0.934236
760.000000    0.934414
762.000000    0.934503
763.000000    0.934592
764.000000    0.934636
766.000000    0.934770
767.000000    0.934859
770.000000    0.934993
771.000000    0.935037
774.000000    0.935171
776.000000    0.935260
777.000000    0.935349
778.000000    0.935438
779.000000    0.935527
780.000000    0.935571
781.000000    0.935705
784.000000    0.935839
786.000000    0.935972
788.000000    0.936061
789.000000    0.936106
790.000000    0.936150
791.000000    0.936195
792.000000    0.936239
795.000000    0.936328
797.000000    0.936373
798.000000    0.936417
802.000000    0.936462
803.000000    0.936507
804.000000    0.936596
805.000000    0.936729
807.000000    0.936863
808.000000    0.936907
809.000000    0.936952
810.000000    0.936996
811.000000    0.937085
813.000000    0.937130
814.000000    0.937263
817.000000    0.937442
818.000000    0.937531
819.000000    0.937664
820.000000    0.937709
822.000000    0.937931
823.000000    0.938109
824.000000    0.938377
825.000000    0.938466
826.000000    0.938599
827.000000    0.938644
828.000000    0.938688
829.000000    0.938866
830.000000    0.938911
831.000000    0.939044
832.000000    0.939223
833.000000    0.939312
834.000000    0.939356
835.000000    0.939490
836.000000    0.939846
838.000000    0.940024
839.000000    0.940291
840.000000    0.940380
841.000000    0.940558
842.000000    0.940603
843.000000    0.940692
844.000000    0.940870
845.000000    0.941004
846.000000    0.941226
847.000000    0.941360
848.000000    0.941493
849.000000    0.941582
850.000000    0.941627
851.000000    0.941761
852.000000    0.941939
853.000000    0.942117
854.000000    0.942295
855.000000    0.942473
856.000000    0.942651
857.000000    0.942829
858.000000    0.943007
860.000000    0.943096
862.000000    0.943230
864.000000    0.943453
865.000000    0.943586
867.000000    0.943675
868.000000    0.943853
871.000000    0.943942
872.000000    0.943987
873.000000    0.944076
874.000000    0.944209
875.000000    0.944254
876.000000    0.944343
877.000000    0.944388
879.000000    0.944521
880.000000    0.944610
881.000000    0.944744
884.000000    0.944833
885.000000    0.944922
886.000000    0.944966
887.000000    0.945011
888.000000    0.945055
890.000000    0.945189
891.000000    0.945234
892.000000    0.945278
893.000000    0.945412
894.000000    0.945501
895.000000    0.945590
896.000000    0.945634
897.000000    0.945679
900.000000    0.945768
901.000000    0.945812
902.000000    0.945857
903.000000    0.945946
904.000000    0.945990
909.000000    0.946124
911.000000    0.946169
913.000000    0.946213
914.000000    0.946302
918.000000    0.946347
919.000000    0.946436
920.000000    0.946480
921.000000    0.946525
922.000000    0.946569
924.000000    0.946658
925.000000    0.946747
926.000000    0.946792
928.000000    0.946881
929.000000    0.946970
931.000000    0.947059
932.000000    0.947104
933.000000    0.947193
934.000000    0.947237
935.000000    0.947682
936.000000    0.947771
937.000000    0.947816
938.000000    0.947905
939.000000    0.947994
940.000000    0.948128
941.000000    0.948395
942.000000    0.948573
943.000000    0.948617
944.000000    0.948707
945.000000    0.948840
946.000000    0.948885
947.000000    0.948929
948.000000    0.949152
949.000000    0.949285
951.000000    0.949553
952.000000    0.949642
953.000000    0.949686
955.000000    0.949909
956.000000    0.950042
957.000000    0.950220
958.000000    0.950399
959.000000    0.950621
960.000000    0.950710
961.000000    0.950799
962.000000    0.950844
963.000000    0.950977
964.000000    0.951200
965.000000    0.951289
966.000000    0.951467
968.000000    0.951645
969.000000    0.951734
970.000000    0.951823
971.000000    0.952046
972.000000    0.952135
973.000000    0.952224
974.000000    0.952313
975.000000    0.952447
976.000000    0.952625
978.000000    0.952714
980.000000    0.952981
981.000000    0.953070
982.000000    0.953115
983.000000    0.953248
984.000000    0.953337
985.000000    0.953382
986.000000    0.953471
987.000000    0.953560
988.000000    0.953604
989.000000    0.953693
991.000000    0.953738
992.000000    0.953827
995.000000    0.953916
996.000000    0.954005
997.000000    0.954094
1000.000000    0.954183
1001.000000    0.954228
1002.000000    0.954317
1003.000000    0.954361
1004.000000    0.954406
1005.000000    0.954450
1006.000000    0.954495
1007.000000    0.954584
1008.000000    0.954673
1009.000000    0.954717
1010.000000    0.954851
1011.000000    0.954896
1014.000000    0.954940
1015.000000    0.954985
1017.000000    0.955029
1022.000000    0.955118
1025.000000    0.955163
1026.000000    0.955207
1027.000000    0.955296
1029.000000    0.955385
1031.000000    0.955430
1033.000000    0.955474
1039.000000    0.955519
1042.000000    0.955563
1044.000000    0.955608
1046.000000    0.955653
1047.000000    0.955786
1048.000000    0.955831
1050.000000    0.955920
1057.000000    0.955964
1058.000000    0.956053
1059.000000    0.956231
1060.000000    0.956365
1062.000000    0.956454
1063.000000    0.956499
1064.000000    0.956588
1066.000000    0.956677
1067.000000    0.956855
1069.000000    0.957122
1070.000000    0.957166
1072.000000    0.957255
1073.000000    0.957300
1074.000000    0.957389
1075.000000    0.957478
1076.000000    0.957656
1077.000000    0.957745
1078.000000    0.957834
1079.000000    0.957923
1080.000000    0.958057
1081.000000    0.958101
1082.000000    0.958146
1083.000000    0.958235
1084.000000    0.958324
1085.000000    0.958636
1086.000000    0.958725
1088.000000    0.958814
1089.000000    0.958903
1090.000000    0.958947
1091.000000    0.959081
1092.000000    0.959170
1093.000000    0.959259
1094.000000    0.959304
1095.000000    0.959437
1096.000000    0.959482
1097.000000    0.959526
1098.000000    0.959571
1099.000000    0.959615
1100.000000    0.959660
1101.000000    0.959793
1102.000000    0.959838
1103.000000    0.959927
1104.000000    0.959972
1105.000000    0.960105
1106.000000    0.960150
1107.000000    0.960239
1110.000000    0.960283
1111.000000    0.960372
1112.000000    0.960595
1113.000000    0.960639
1118.000000    0.960684
1119.000000    0.960728
1122.000000    0.960773
1123.000000    0.960817
1124.000000    0.960862
1126.000000    0.960907
1127.000000    0.960951
1128.000000    0.961085
1131.000000    0.961129
1132.000000    0.961218
1134.000000    0.961263
1135.000000    0.961307
1136.000000    0.961396
1137.000000    0.961485
1138.000000    0.961530
1140.000000    0.961574
1142.000000    0.961619
1147.000000    0.961708
1148.000000    0.961797
1152.000000    0.961842
1154.000000    0.961886
1156.000000    0.961931
1157.000000    0.962064
1158.000000    0.962153
1160.000000    0.962198
1161.000000    0.962242
1162.000000    0.962287
1164.000000    0.962331
1167.000000    0.962376
1169.000000    0.962465
1170.000000    0.962554
1172.000000    0.962599
1173.000000    0.962732
1174.000000    0.962777
1175.000000    0.962910
1176.000000    0.962955
1177.000000    0.962999
1178.000000    0.963088
1179.000000    0.963266
1181.000000    0.963311
1185.000000    0.963355
1187.000000    0.963400
1188.000000    0.963489
1190.000000    0.963623
1191.000000    0.963756
1192.000000    0.963845
1193.000000    0.963979
1194.000000    0.964068
1195.000000    0.964112
1196.000000    0.964335
1197.000000    0.964380
1198.000000    0.964469
1199.000000    0.964513
1200.000000    0.964558
1202.000000    0.964736
1203.000000    0.964958
1204.000000    0.965003
1206.000000    0.965092
1207.000000    0.965136
1208.000000    0.965181
1209.000000    0.965315
1211.000000    0.965404
1212.000000    0.965448
1213.000000    0.965537
1214.000000    0.965626
1215.000000    0.965671
1216.000000    0.965715
1218.000000    0.965804
1219.000000    0.965849
1221.000000    0.965893
1222.000000    0.965938
1223.000000    0.966027
1226.000000    0.966072
1227.000000    0.966116
1228.000000    0.966161
1229.000000    0.966205
1230.000000    0.966294
1232.000000    0.966383
1234.000000    0.966428
1236.000000    0.966472
1238.000000    0.966517
1240.000000    0.966561
1241.000000    0.966606
1246.000000    0.966695
1249.000000    0.966784
1250.000000    0.966828
1255.000000    0.966873
1258.000000    0.966917
1261.000000    0.966962
1263.000000    0.967007
1268.000000    0.967051
1270.000000    0.967140
1273.000000    0.967185
1275.000000    0.967229
1276.000000    0.967274
1283.000000    0.967318
1286.000000    0.967407
1288.000000    0.967585
1289.000000    0.967719
1292.000000    0.967853
1295.000000    0.967942
1296.000000    0.967986
1298.000000    0.968031
1299.000000    0.968164
1302.000000    0.968253
1303.000000    0.968298
1304.000000    0.968342
1305.000000    0.968387
1307.000000    0.968431
1308.000000    0.968565
1309.000000    0.968609
1313.000000    0.968743
1314.000000    0.968788
1315.000000    0.968832
1318.000000    0.968877
1319.000000    0.968921
1320.000000    0.969010
1323.000000    0.969055
1326.000000    0.969099
1328.000000    0.969144
1329.000000    0.969233
1331.000000    0.969277
1333.000000    0.969322
1334.000000    0.969411
1335.000000    0.969455
1336.000000    0.969500
1337.000000    0.969545
1339.000000    0.969678
1340.000000    0.969723
1341.000000    0.969812
1342.000000    0.969856
1345.000000    0.969901
1352.000000    0.969990
1353.000000    0.970034
1355.000000    0.970079
1359.000000    0.970123
1362.000000    0.970168
1363.000000    0.970212
1366.000000    0.970257
1367.000000    0.970301
1371.000000    0.970346
1372.000000    0.970435
1379.000000    0.970480
1380.000000    0.970524
1381.000000    0.970569
1384.000000    0.970658
1389.000000    0.970702
1390.000000    0.970747
1392.000000    0.970791
1395.000000    0.970836
1399.000000    0.970880
1401.000000    0.970925
1402.000000    0.970969
1403.000000    0.971014
1404.000000    0.971103
1406.000000    0.971192
1407.000000    0.971236
1408.000000    0.971281
1411.000000    0.971370
1412.000000    0.971459
1413.000000    0.971593
1415.000000    0.971637
1416.000000    0.971726
1418.000000    0.971771
1422.000000    0.971815
1423.000000    0.971904
1427.000000    0.971993
1430.000000    0.972082
1432.000000    0.972127
1433.000000    0.972172
1435.000000    0.972216
1436.000000    0.972261
1437.000000    0.972305
1439.000000    0.972350
1441.000000    0.972394
1442.000000    0.972439
1443.000000    0.972483
1445.000000    0.972528
1447.000000    0.972661
1449.000000    0.972706
1450.000000    0.972750
1451.000000    0.972839
1452.000000    0.972884
1454.000000    0.972928
1455.000000    0.973017
1456.000000    0.973062
1459.000000    0.973196
1462.000000    0.973240
1463.000000    0.973285
1465.000000    0.973374
1466.000000    0.973463
1468.000000    0.973507
1469.000000    0.973685
1470.000000    0.973730
1472.000000    0.973774
1473.000000    0.973819
1476.000000    0.973863
1478.000000    0.973908
1479.000000    0.973953
1481.000000    0.973997
1482.000000    0.974086
1484.000000    0.974131
1486.000000    0.974175
1487.000000    0.974220
1488.000000    0.974264
1491.000000    0.974309
1493.000000    0.974353
1495.000000    0.974398
1497.000000    0.974442
1499.000000    0.974487
1503.000000    0.974576
1509.000000    0.974620
1510.000000    0.974665
1516.000000    0.974709
1517.000000    0.974799
1519.000000    0.974843
1522.000000    0.974932
1523.000000    0.974977
1524.000000    0.975021
1527.000000    0.975066
1528.000000    0.975110
1530.000000    0.975155
1531.000000    0.975244
1532.000000    0.975333
1534.000000    0.975377
1535.000000    0.975422
1536.000000    0.975466
1538.000000    0.975555
1540.000000    0.975600
1541.000000    0.975645
1542.000000    0.975734
1544.000000    0.975778
1546.000000    0.975823
1549.000000    0.975867
1551.000000    0.975956
1554.000000    0.976001
1556.000000    0.976045
1559.000000    0.976090
1561.000000    0.976134
1562.000000    0.976179
1564.000000    0.976223
1566.000000    0.976357
1567.000000    0.976401
1568.000000    0.976446
1571.000000    0.976490
1573.000000    0.976535
1574.000000    0.976580
1575.000000    0.976669
1576.000000    0.976758
1577.000000    0.976802
1579.000000    0.976847
1583.000000    0.976891
1584.000000    0.976936
1585.000000    0.976980
1587.000000    0.977025
1588.000000    0.977069
1589.000000    0.977114
1603.000000    0.977158
1605.000000    0.977203
1610.000000    0.977247
1612.000000    0.977292
1616.000000    0.977336
1624.000000    0.977381
1629.000000    0.977426
1631.000000    0.977470
1633.000000    0.977515
1634.000000    0.977559
1637.000000    0.977693
1638.000000    0.977737
1643.000000    0.977826
1648.000000    0.977915
1651.000000    0.977960
1655.000000    0.978004
1656.000000    0.978138
1657.000000    0.978182
1659.000000    0.978227
1661.000000    0.978316
1662.000000    0.978361
1664.000000    0.978405
1665.000000    0.978450
1666.000000    0.978539
1667.000000    0.978583
1669.000000    0.978628
1670.000000    0.978672
1671.000000    0.978761
1672.000000    0.978806
1676.000000    0.978850
1677.000000    0.978895
1680.000000    0.978939
1682.000000    0.978984
1683.000000    0.979028
1684.000000    0.979118
1687.000000    0.979207
1693.000000    0.979251
1696.000000    0.979296
1697.000000    0.979340
1699.000000    0.979385
1700.000000    0.979429
1707.000000    0.979474
1709.000000    0.979518
1712.000000    0.979563
1714.000000    0.979607
1715.000000    0.979652
1717.000000    0.979696
1720.000000    0.979741
1721.000000    0.979785
1724.000000    0.979830
1725.000000    0.979919
1738.000000    0.979963
1755.000000    0.980008
1757.000000    0.980053
1758.000000    0.980097
1771.000000    0.980142
1773.000000    0.980186
1774.000000    0.980231
1777.000000    0.980275
1780.000000    0.980364
1782.000000    0.980409
1784.000000    0.980498
1792.000000    0.980542
1793.000000    0.980676
1795.000000    0.980765
1799.000000    0.980809
1800.000000    0.980854
1801.000000    0.980899
1804.000000    0.980988
1808.000000    0.981032
1809.000000    0.981121
1810.000000    0.981210
1812.000000    0.981255
1813.000000    0.981299
1814.000000    0.981344
1819.000000    0.981433
1821.000000    0.981522
1822.000000    0.981566
1824.000000    0.981611
1826.000000    0.981655
1827.000000    0.981700
1830.000000    0.981745
1835.000000    0.981789
1840.000000    0.981878
1841.000000    0.981923
1849.000000    0.981967
1851.000000    0.982012
1858.000000    0.982056
1859.000000    0.982101
1860.000000    0.982145
1868.000000    0.982190
1870.000000    0.982234
1875.000000    0.982323
1880.000000    0.982368
1882.000000    0.982412
1894.000000    0.982457
1895.000000    0.982546
1896.000000    0.982590
1901.000000    0.982635
1902.000000    0.982680
1904.000000    0.982724
1907.000000    0.982769
1909.000000    0.982813
1911.000000    0.982858
1912.000000    0.982947
1913.000000    0.982991
1914.000000    0.983036
1923.000000    0.983080
1926.000000    0.983125
1934.000000    0.983169
1936.000000    0.983214
1941.000000    0.983258
1942.000000    0.983347
1944.000000    0.983392
1947.000000    0.983436
1949.000000    0.983526
1952.000000    0.983570
1953.000000    0.983615
1954.000000    0.983659
1955.000000    0.983704
1962.000000    0.983748
1963.000000    0.983793
1965.000000    0.983837
1968.000000    0.983882
1981.000000    0.983926
1983.000000    0.983971
1994.000000    0.984015
1995.000000    0.984060
1999.000000    0.984104
2005.000000    0.984149
2007.000000    0.984193
2014.000000    0.984282
2016.000000    0.984327
2023.000000    0.984372
2025.000000    0.984416
2028.000000    0.984461
2030.000000    0.984505
2037.000000    0.984550
2043.000000    0.984594
2051.000000    0.984639
2052.000000    0.984683
2062.000000    0.984772
2063.000000    0.984817
2074.000000    0.984861
2079.000000    0.984906
2091.000000    0.984995
2100.000000    0.985039
2103.000000    0.985084
2111.000000    0.985128
2125.000000    0.985173
2127.000000    0.985218
2130.000000    0.985262
2133.000000    0.985307
2137.000000    0.985351
2138.000000    0.985396
2141.000000    0.985485
2143.000000    0.985529
2146.000000    0.985574
2149.000000    0.985618
2153.000000    0.985663
2156.000000    0.985752
2159.000000    0.985796
2162.000000    0.985841
2170.000000    0.985885
2178.000000    0.985930
2183.000000    0.985974
2186.000000    0.986019
2188.000000    0.986063
2198.000000    0.986108
2215.000000    0.986153
2220.000000    0.986197
2226.000000    0.986242
2230.000000    0.986286
2232.000000    0.986331
2239.000000    0.986375
2246.000000    0.986464
2253.000000    0.986509
2255.000000    0.986553
2258.000000    0.986598
2263.000000    0.986642
2268.000000    0.986687
2269.000000    0.986731
2270.000000    0.986820
2271.000000    0.986865
2272.000000    0.986909
2278.000000    0.986999
2279.000000    0.987043
2288.000000    0.987088
2291.000000    0.987132
2294.000000    0.987177
2295.000000    0.987221
2299.000000    0.987266
2305.000000    0.987310
2308.000000    0.987355
2309.000000    0.987444
2311.000000    0.987488
2315.000000    0.987533
2319.000000    0.987577
2332.000000    0.987622
2356.000000    0.987666
2374.000000    0.987711
2379.000000    0.987755
2393.000000    0.987800
2398.000000    0.987845
2399.000000    0.987934
2404.000000    0.987978
2422.000000    0.988023
2426.000000    0.988067
2428.000000    0.988112
2431.000000    0.988156
2432.000000    0.988201
2435.000000    0.988245
2436.000000    0.988290
2438.000000    0.988334
2442.000000    0.988379
2447.000000    0.988423
2456.000000    0.988468
2468.000000    0.988512
2472.000000    0.988557
2473.000000    0.988646
2482.000000    0.988691
2484.000000    0.988735
2486.000000    0.988780
2487.000000    0.988869
2490.000000    0.988913
2495.000000    0.988958
2496.000000    0.989002
2499.000000    0.989047
2502.000000    0.989091
2506.000000    0.989180
2514.000000    0.989225
2519.000000    0.989269
2525.000000    0.989314
2531.000000    0.989358
2534.000000    0.989403
2545.000000    0.989447
2546.000000    0.989536
2547.000000    0.989581
2554.000000    0.989626
2563.000000    0.989670
2575.000000    0.989759
2586.000000    0.989804
2599.000000    0.989848
2639.000000    0.989893
2643.000000    0.989937
2647.000000    0.989982
2657.000000    0.990026
2667.000000    0.990071
2677.000000    0.990115
2709.000000    0.990160
2716.000000    0.990204
2727.000000    0.990249
2730.000000    0.990293
2731.000000    0.990338
2736.000000    0.990382
2756.000000    0.990427
2762.000000    0.990472
2781.000000    0.990516
2786.000000    0.990561
2789.000000    0.990605
2792.000000    0.990694
2794.000000    0.990783
2799.000000    0.990828
2805.000000    0.990872
2817.000000    0.990917
2824.000000    0.990961
2827.000000    0.991006
2835.000000    0.991050
2850.000000    0.991095
2856.000000    0.991139
2862.000000    0.991228
2865.000000    0.991273
2868.000000    0.991318
2881.000000    0.991362
2885.000000    0.991407
2889.000000    0.991451
2905.000000    0.991496
2906.000000    0.991540
2908.000000    0.991629
2942.000000    0.991674
2962.000000    0.991718
2980.000000    0.991763
2989.000000    0.991807
2990.000000    0.991852
2993.000000    0.991896
2994.000000    0.991941
3000.000000    0.991985
3002.000000    0.992030
3006.000000    0.992074
3007.000000    0.992119
3009.000000    0.992208
3010.000000    0.992253
3030.000000    0.992297
3034.000000    0.992342
3038.000000    0.992386
3044.000000    0.992431
3052.000000    0.992475
3087.000000    0.992520
3104.000000    0.992564
3111.000000    0.992609
3121.000000    0.992653
3122.000000    0.992742
3199.000000    0.992787
3205.000000    0.992831
3210.000000    0.992876
3215.000000    0.992920
3236.000000    0.992965
3256.000000    0.993009
3257.000000    0.993054
3270.000000    0.993143
3276.000000    0.993188
3299.000000    0.993232
3307.000000    0.993277
3309.000000    0.993321
3310.000000    0.993366
3311.000000    0.993410
3313.000000    0.993455
3351.000000    0.993499
3360.000000    0.993544
3367.000000    0.993633
3373.000000    0.993677
3377.000000    0.993722
3383.000000    0.993766
3384.000000    0.993811
3402.000000    0.993855
3418.000000    0.993900
3436.000000    0.993945
3443.000000    0.993989
3487.000000    0.994034
3494.000000    0.994078
3525.000000    0.994123
3548.000000    0.994167
3555.000000    0.994212
3556.000000    0.994256
3563.000000    0.994301
3574.000000    0.994345
3576.000000    0.994390
3585.000000    0.994434
3607.000000    0.994479
3647.000000    0.994523
3706.000000    0.994568
3771.000000    0.994612
3827.000000    0.994657
3828.000000    0.994701
3870.000000    0.994746
3909.000000    0.994791
3928.000000    0.994835
3934.000000    0.994880
3953.000000    0.994924
3958.000000    0.994969
3981.000000    0.995013
3982.000000    0.995058
3992.000000    0.995102
4021.000000    0.995147
4049.000000    0.995191
4058.000000    0.995236
4067.000000    0.995280
4081.000000    0.995325
4091.000000    0.995369
4136.000000    0.995414
4163.000000    0.995458
4185.000000    0.995503
4277.000000    0.995547
4286.000000    0.995592
4299.000000    0.995636
4371.000000    0.995681
4444.000000    0.995726
4448.000000    0.995770
4452.000000    0.995815
4456.000000    0.995859
4464.000000    0.995904
4484.000000    0.995948
4491.000000    0.995993
4555.000000    0.996037
4685.000000    0.996082
4763.000000    0.996126
4785.000000    0.996171
4793.000000    0.996215
4809.000000    0.996260
4840.000000    0.996304
4858.000000    0.996349
4873.000000    0.996393
4880.000000    0.996438
4909.000000    0.996482
5003.000000    0.996527
5012.000000    0.996572
5018.000000    0.996616
5022.000000    0.996661
5101.000000    0.996705
5114.000000    0.996750
5128.000000    0.996794
5314.000000    0.996839
5378.000000    0.996883
5394.000000    0.996928
5398.000000    0.996972
5429.000000    0.997017
5517.000000    0.997061
5536.000000    0.997106
5629.000000    0.997150
5686.000000    0.997195
5734.000000    0.997239
5749.000000    0.997284
5757.000000    0.997328
5796.000000    0.997373
5825.000000    0.997418
5853.000000    0.997462
5905.000000    0.997507
5914.000000    0.997551
5927.000000    0.997640
5963.000000    0.997685
5985.000000    0.997729
5998.000000    0.997774
6003.000000    0.997818
6054.000000    0.997863
6094.000000    0.997907
6303.000000    0.997952
6424.000000    0.997996
6554.000000    0.998041
6555.000000    0.998085
6576.000000    0.998130
6681.000000    0.998174
6687.000000    0.998219
6691.000000    0.998264
6779.000000    0.998308
6785.000000    0.998353
6790.000000    0.998397
6949.000000    0.998442
7013.000000    0.998486
7114.000000    0.998531
7235.000000    0.998575
7382.000000    0.998620
7626.000000    0.998664
7648.000000    0.998709
7653.000000    0.998753
7671.000000    0.998798
7708.000000    0.998842
7804.000000    0.998887
7911.000000    0.998931
8335.000000    0.998976
8553.000000    0.999020
9221.000000    0.999065
9276.000000    0.999109
9574.000000    0.999154
9730.000000    0.999199
9772.000000    0.999243
9798.000000    0.999288
10042.000000    0.999332
10387.000000    0.999377
10843.000000    0.999421
11140.000000    0.999466
11740.000000    0.999510
11849.000000    0.999555
12603.000000    0.999599
12785.000000    0.999644
13432.000000    0.999688
13689.000000    0.999733
15076.000000    0.999777
17839.000000    0.999822
18638.000000    0.999866
19429.000000    0.999911
30063.000000    0.999955
30722.000000    1.000000
