60    1
120    1
180    1
240    1
300    1
360    1
420    1
480    1
540    1
600    1
660    1
720    1
780    1
840    1
900    1
960    1
1020    1
1080    1
1140    1
1200    1
1260    1
1320    1
1380    1
1440    1
1500    1
1560    1
1620    1
1680    1
1740    1
1800    1
1860    1
1920    1
1980    1
2040    1
2100    1
2160    1
2220    1
2280    1
2340    1
2400    1
2460    1
2520    1
2580    1
2640    1
2700    1
2760    1
2820    1
2880    1
2940    1
3000    1
3060    1
3120    1
3180    1
3240    1
3300    1
3360    1
3420    1
3480    1
3540    1
3600    1
3660    1
3720    1
3780    1
3840    1
3900    1
3960    1
4020    1
4080    1
4140    1
4200    1
4260    1
4320    1
4380    1
4440    1
4500    1
4560    1
4620    1
4680    1
4740    1
4800    1
4860    1
4920    1
4980    1
5040    1
5100    1
5160    1
5220    1
5280    1
5340    1
5400    1
5460    1
5520    1
5580    1
5640    1
5700    1
5760    1
5820    1
5880    1
5940    1
6000    1
6060    1
6120    1
6180    1
6240    1
6300    1
6360    1
6420    1
6480    1
6540    1
6600    1
6660    1
6720    1
6780    1
6840    1
6900    1
6960    1
7020    1
7080    1
7140    1
7200    1
7260    1
7320    1
7380    1
7440    1
7500    1
7560    1
7620    1
7680    1
7740    1
7800    1
7860    1
7920    1
7980    1
8040    1
8100    1
8160    1
8220    1
8280    1
8340    1
8400    1
8460    1
8520    1
8580    1
8640    1
8700    1
8760    1
8820    1
8880    1
8940    1
9000    1
9060    1
9120    1
9180    1
9240    1
9300    1
9360    1
9420    1
9480    1
9540    1
9600    1
9660    1
9720    1
9780    1
9840    1
9900    1
9960    1
10020    1
10080    1
10140    1
10200    1
10260    1
10320    1
10380    1
10440    1
10500    1
10560    1
10620    1
10680    1
10740    1
10800    1
10860    1
10920    1
10980    1
11040    1
11100    1
11160    1
11220    1
11280    1
11340    1
11400    1
11460    1
11520    1
11580    1
11640    1
11700    1
11760    1
11820    1
11880    1
11940    1
12000    1
12060    1
12120    1
12180    1
12240    1
12300    1
12360    1
12420    1
12480    1
12540    1
12600    1
12660    1
12720    1
12780    1
12840    1
12900    1
12960    1
13020    1
13080    1
13140    1
13200    1
13260    1
13320    1
13380    1
13440    1
13500    1
13560    1
13620    1
13680    1
13740    1
13800    1
13860    1
13920    1
13980    1
14040    1
14100    1
14160    1
14220    1
14280    1
14340    1
14400    1
14460    1
14520    1
14580    1
14640    1
14700    1
14760    1
14820    1
14880    1
14940    1
15000    1
15060    1
15120    1
15180    1
15240    1
15300    1
15360    1
15420    1
15480    1
15540    1
15600    1
15660    1
15720    1
15780    1
15840    1
15900    1
15960    1
16020    1
16080    1
16140    1
16200    1
16260    1
16320    1
16380    1
16440    1
16500    1
16560    1
16620    1
16680    1
16740    1
16800    1
16860    1
16920    1
16980    1
17040    1
17100    1
17160    1
17220    1
17280    1
17340    1
17400    1
17460    1
17520    1
17580    1
17640    1
17700    1
17760    1
17820    1
17880    1
17940    1
18000    1
18060    1
18120    1
18180    1
18240    1
18300    1
18360    1
18420    1
18480    1
18540    1
18600    1
18660    1
18720    1
18780    1
18840    1
18900    1
18960    1
19020    1
19080    1
19140    1
19200    1
19260    1
19320    1
19380    1
19440    1
19500    1
19560    1
19620    1
19680    1
19740    1
19800    1
19860    1
19920    1
19980    1
20040    1
20100    1
20160    1
20220    1
20280    1
20340    1
20400    1
20460    1
20520    1
20580    1
20640    1
20700    1
20760    2
20820    2
20880    3
20940    3
21000    4
21060    6
21120    10
21180    5
21240    5
21300    12
21360    15
21420    19
21480    27
21540    29
21600    29
21660    29
21720    29
21780    22
21840    24
21900    25
21960    26
22020    27
22080    27
22140    27
22200    27
22260    28
22320    28
22380    28
22440    29
22500    29
22560    28
22620    30
22680    30
22740    29
22800    30
22860    30
22920    29
22980    29
23040    26
23100    26
23160    25
23220    25
23280    25
23340    25
23400    25
23460    25
23520    24
23580    25
23640    25
23700    25
23760    25
23820    26
23880    26
23940    26
24000    26
24060    26
24120    27
24180    27
24240    27
24300    22
24360    22
24420    22
24480    19
24540    20
24600    20
24660    17
24720    17
24780    17
24840    17
24900    17
24960    17
25020    16
25080    16
25140    16
25200    16
25260    14
25320    14
25380    14
25440    14
25500    13
25560    14
25620    13
25680    13
25740    13
25800    13
25860    13
25920    13
25980    13
26040    13
26100    13
26160    13
26220    11
26280    11
26340    11
26400    10
26460    9
26520    5
26580    4
26640    4
26700    4
26760    6
26820    6
26880    6
26940    6
27000    6
27060    5
27120    5
27180    4
27240    3
27300    3
27360    3
27420    3
27480    3
27540    3
27600    3
27660    3
27720    3
27780    3
27840    3
27900    3
27960    3
28020    3
28080    3
28140    3
28200    3
28260    3
28320    3
28380    3
28440    3
28500    3
28560    3
28620    3
28680    3
28740    3
28800    3
28860    3
28920    3
28980    3
29040    3
29100    3
29160    3
29220    2
29280    2
29340    3
29400    3
29460    3
29520    3
29580    3
29640    3
29700    3
29760    3
29820    3
29880    3
29940    3
30000    3
30060    3
30120    3
30180    3
30240    3
30300    3
30360    3
30420    3
30480    3
30540    3
30600    3
30660    3
30720    3
30780    3
30840    3
30900    3
30960    3
31020    3
31080    3
31140    3
31200    3
31260    3
31320    3
31380    3
31440    3
31500    3
31560    3
31620    3
31680    3
31740    3
31800    3
31860    3
31920    3
31980    3
32040    3
32100    3
32160    3
32220    3
32280    3
32340    3
32400    3
32460    3
32520    3
32580    3
32640    3
32700    3
32760    3
32820    3
32880    2
32940    2
33000    3
33060    3
33120    3
33180    3
33240    3
33300    3
33360    3
33420    2
33480    2
33540    2
33600    3
33660    3
33720    3
33780    3
33840    3
33900    3
33960    3
34020    3
34080    3
34140    3
34200    3
34260    3
34320    3
34380    3
34440    3
34500    2
34560    2
34620    2
34680    2
34740    2
34800    2
34860    3
34920    3
34980    3
35040    3
35100    2
35160    2
35220    2
35280    2
35340    3
35400    3
35460    3
35520    3
35580    3
35640    3
35700    3
35760    3
35820    3
35880    3
35940    3
36000    3
36060    3
36120    3
36180    3
36240    3
36300    3
36360    3
36420    3
36480    3
36540    3
36600    3
36660    3
36720    3
36780    3
36840    3
36900    3
36960    3
37020    3
37080    3
37140    3
37200    3
37260    3
37320    3
37380    3
37440    3
37500    2
37560    2
37620    2
37680    2
37740    2
37800    2
37860    2
37920    2
37980    2
38040    2
38100    3
38160    3
38220    3
38280    3
38340    3
38400    3
38460    3
38520    3
38580    3
38640    3
38700    3
38760    3
38820    3
38880    3
38940    3
39000    3
39060    3
39120    3
39180    3
39240    3
39300    3
39360    2
39420    2
39480    2
39540    3
39600    3
39660    3
39720    2
39780    2
39840    2
39900    2
39960    2
40020    2
40080    2
40140    3
40200    3
40260    3
40320    3
40380    3
40440    2
40500    2
40560    2
40620    2
40680    2
40740    2
40800    2
40860    3
40920    3
40980    3
41040    2
41100    2
41160    2
41220    2
41280    3
41340    4
41400    4
41460    4
41520    4
41580    4
41640    4
41700    4
41760    4
41820    4
41880    4
41940    4
42000    4
42060    4
42120    4
42180    4
42240    4
42300    4
42360    4
42420    4
42480    4
42540    4
42600    4
42660    4
42720    4
42780    4
42840    4
42900    4
42960    4
43020    4
43080    4
43140    4
43200    4
43260    4
43320    4
43380    2
43440    2
43500    3
43560    3
43620    4
43680    4
43740    4
43800    4
43860    4
43920    4
43980    4
44040    4
44100    4
44160    4
44220    4
44280    4
44340    4
44400    3
44460    2
44520    2
44580    2
44640    2
44700    2
44760    2
44820    2
44880    2
44940    2
45000    2
45060    3
45120    3
45180    3
45240    3
45300    3
45360    3
45420    3
45480    3
45540    3
45600    3
45660    3
45720    3
45780    3
45840    3
45900    3
45960    3
46020    3
46080    3
46140    3
46200    3
46260    3
46320    3
46380    3
46440    3
46500    3
46560    3
46620    3
46680    3
46740    3
46800    3
46860    3
46920    3
46980    3
47040    3
47100    3
47160    3
47220    3
47280    3
47340    3
47400    3
47460    3
47520    3
47580    3
47640    3
47700    3
47760    3
47820    3
47880    3
47940    3
48000    3
48060    3
48120    3
48180    3
48240    3
48300    3
48360    3
48420    3
48480    3
48540    3
48600    3
48660    3
48720    3
48780    3
48840    3
48900    3
48960    3
49020    3
49080    3
49140    3
49200    3
49260    3
49320    3
49380    3
49440    3
49500    3
49560    3
49620    3
49680    3
49740    3
49800    3
49860    3
49920    3
49980    3
50040    3
50100    3
50160    3
50220    3
50280    3
50340    3
50400    3
50460    3
50520    3
50580    3
50640    3
50700    3
50760    3
50820    3
50880    3
50940    3
51000    3
51060    3
51120    3
51180    3
51240    3
51300    3
51360    3
51420    3
51480    3
51540    3
51600    3
51660    3
51720    3
51780    3
51840    3
51900    3
51960    3
52020    3
52080    3
52140    3
52200    2
52260    3
52320    2
52380    2
52440    2
52500    3
52560    3
52620    3
52680    3
52740    3
52800    3
52860    3
52920    3
52980    3
53040    3
53100    3
53160    3
53220    3
53280    3
53340    3
53400    3
53460    3
53520    3
53580    3
53640    3
53700    3
53760    3
53820    3
53880    3
53940    3
54000    3
54060    3
54120    3
54180    3
54240    3
54300    3
54360    3
54420    3
54480    3
54540    3
54600    3
54660    3
54720    3
54780    3
54840    3
54900    3
54960    3
55020    3
55080    3
55140    3
55200    3
55260    3
55320    3
55380    3
55440    3
55500    3
55560    3
55620    3
55680    3
55740    3
55800    3
55860    3
55920    3
55980    3
56040    3
56100    3
56160    3
56220    3
56280    3
56340    3
56400    3
56460    3
56520    3
56580    3
56640    3
56700    3
56760    3
56820    3
56880    3
56940    3
57000    3
57060    3
57120    3
57180    3
57240    3
57300    3
57360    3
57420    3
57480    3
57540    3
57600    3
57660    3
57720    3
57780    3
57840    3
57900    3
57960    3
58020    3
58080    3
58140    3
58200    3
58260    3
58320    3
58380    3
58440    3
58500    3
58560    3
58620    3
58680    3
58740    3
58800    3
58860    3
58920    3
58980    3
59040    3
59100    3
59160    3
59220    3
59280    3
59340    3
59400    3
59460    3
59520    3
59580    3
59640    3
59700    3
59760    3
59820    3
59880    3
59940    3
60000    3
60060    3
60120    3
60180    3
60240    3
60300    3
60360    3
60420    3
60480    3
60540    3
60600    3
60660    3
60720    3
60780    3
60840    3
60900    3
60960    3
61020    3
61080    3
61140    3
61200    3
61260    3
61320    3
61380    3
61440    3
61500    3
61560    3
61620    3
61680    3
61740    3
61800    3
61860    3
61920    3
61980    3
62040    3
62100    3
62160    3
62220    3
62280    3
62340    3
62400    3
62460    3
62520    3
62580    3
62640    3
62700    3
62760    3
62820    3
62880    3
62940    3
63000    3
63060    3
63120    3
63180    3
63240    3
63300    3
63360    3
63420    3
63480    3
63540    3
63600    3
63660    3
63720    3
63780    3
63840    3
63900    3
63960    3
64020    3
64080    3
64140    3
64200    3
64260    3
64320    3
64380    3
64440    3
64500    2
64560    2
64620    3
64680    3
64740    3
64800    3
64860    3
64920    3
64980    3
65040    3
65100    3
65160    3
65220    3
65280    3
65340    3
65400    3
65460    3
65520    3
65580    3
65640    3
65700    3
65760    3
65820    3
65880    3
65940    3
66000    3
66060    3
66120    2
66180    3
66240    3
66300    3
66360    3
66420    3
66480    3
66540    3
66600    3
66660    3
66720    3
66780    3
66840    3
66900    3
66960    3
67020    3
67080    3
67140    3
67200    3
67260    3
67320    3
67380    3
67440    3
67500    3
67560    3
67620    3
67680    3
67740    3
67800    3
67860    3
67920    3
67980    3
68040    3
68100    3
68160    3
68220    3
68280    3
68340    3
68400    3
68460    3
68520    3
68580    3
68640    3
68700    3
68760    3
68820    3
68880    3
68940    3
69000    3
69060    3
69120    3
69180    3
69240    3
69300    3
69360    3
69420    3
69480    3
69540    3
69600    3
69660    3
69720    3
69780    3
69840    3
69900    3
69960    3
70020    3
70080    3
70140    3
70200    3
70260    3
70320    3
70380    3
70440    3
70500    3
70560    3
70620    3
70680    3
70740    3
70800    3
70860    3
70920    3
70980    3
71040    3
71100    3
71160    3
71220    3
71280    3
71340    3
71400    3
71460    3
71520    3
71580    2
71640    2
71700    2
71760    2
71820    2
71880    2
71940    3
72000    3
72060    3
72120    3
72180    2
72240    2
72300    2
72360    1
72420    2
72480    4
72540    4
72600    4
72660    4
72720    3
72780    5
72840    4
72900    5
72960    5
73020    6
73080    4
73140    4
73200    8
73260    7
73320    6
73380    8
73440    8
73500    13
73560    15
73620    15
73680    13
73740    14
73800    14
73860    13
73920    10
73980    17
74040    16
74100    15
74160    14
74220    14
74280    12
74340    10
74400    15
74460    14
74520    14
74580    13
74640    12
74700    13
74760    14
74820    12
74880    18
74940    17
75000    18
75060    18
75120    19
75180    19
75240    21
75300    23
75360    22
75420    22
75480    20
75540    21
75600    23
75660    23
75720    22
75780    19
75840    17
75900    16
75960    17
76020    17
76080    18
76140    18
76200    10
76260    15
76320    11
76380    8
76440    19
76500    18
76560    14
76620    15
76680    18
76740    18
76800    19
76860    19
76920    18
76980    20
77040    16
77100    13
77160    18
77220    20
77280    19
77340    19
77400    18
77460    17
77520    15
77580    14
77640    15
77700    11
77760    14
77820    16
77880    15
77940    20
78000    18
78060    11
78120    10
78180    16
78240    13
78300    15
78360    18
78420    18
78480    20
78540    10
78600    15
78660    13
78720    18
78780    14
78840    15
78900    12
78960    13
79020    15
79080    9
79140    11
79200    7
79260    7
79320    8
79380    8
79440    9
79500    11
79560    14
79620    10
79680    6
79740    6
79800    6
79860    11
79920    13
79980    6
80040    9
80100    12
80160    11
80220    9
80280    12
80340    10
80400    7
80460    8
80520    8
80580    10
80640    7
80700    5
80760    5
80820    11
80880    8
80940    10
81000    11
81060    11
81120    8
81180    7
81240    9
81300    8
81360    12
81420    11
81480    7
81540    10
81600    10
81660    5
81720    5
81780    7
81840    18
81900    15
81960    18
82020    14
82080    13
82140    16
82200    9
82260    8
82320    11
82380    8
82440    7
82500    5
82560    5
82620    10
82680    7
82740    4
82800    4
82860    4
82920    5
82980    5
83040    6
83100    5
83160    6
83220    6
83280    6
83340    6
83400    5
83460    5
83520    5
83580    5
83640    5
83700    5
83760    5
83820    6
83880    5
83940    4
84000    4
84060    5
84120    6
84180    12
84240    13
84300    9
84360    8
84420    8
84480    8
84540    8
84600    8
84660    6
84720    6
84780    5
84840    6
84900    6
84960    5
85020    5
85080    5
85140    8
85200    8
85260    6
85320    6
85380    6
85440    6
85500    6
85560    6
85620    6
85680    6
85740    6
85800    6
85860    6
85920    6
85980    6
86040    6
86100    6
86160    6
86220    6
86280    6
86340    6
86400    6
86460    7
86520    7
86580    6
86640    6
86700    5
86760    6
86820    10
86880    10
86940    14
87000    13
87060    9
87120    8
87180    8
87240    8
87300    9
87360    7
87420    5
87480    5
87540    5
87600    5
87660    5
87720    5
87780    5
87840    5
87900    9
87960    5
88020    5
88080    6
88140    6
88200    8
88260    10
88320    7
88380    5
88440    12
88500    7
88560    8
88620    21
88680    21
88740    18
88800    19
88860    19
88920    22
88980    22
89040    21
89100    27
89160    25
89220    26
89280    20
89340    14
89400    24
89460    25
89520    23
89580    24
89640    27
89700    16
89760    12
89820    19
89880    27
89940    27
90000    25
90060    25
90120    24
90180    26
90240    25
90300    26
90360    27
90420    26
90480    25
90540    25
90600    25
90660    23
90720    24
90780    25
90840    25
90900    22
90960    23
91020    23
91080    22
91140    18
91200    19
91260    21
91320    19
91380    21
91440    19
91500    17
91560    17
91620    16
91680    14
91740    13
91800    19
91860    15
91920    16
91980    15
92040    15
92100    12
92160    13
92220    13
92280    7
92340    5
92400    6
92460    8
92520    5
92580    5
92640    4
92700    3
92760    2
92820    4
92880    4
92940    4
93000    3
93060    3
93120    3
93180    2
93240    2
93300    3
93360    3
93420    6
93480    7
93540    4
93600    4
93660    3
93720    3
93780    4
93840    5
93900    5
93960    6
94020    6
94080    6
94140    6
94200    6
94260    9
94320    9
94380    7
94440    7
94500    5
94560    5
94620    3
94680    3
94740    4
94800    4
94860    4
94920    4
94980    4
95040    4
95100    4
95160    4
95220    4
95280    5
95340    5
95400    6
95460    4
95520    4
95580    4
95640    3
95700    3
95760    4
95820    4
95880    3
95940    3
96000    3
96060    5
96120    4
96180    4
96240    5
96300    7
96360    5
96420    3
96480    3
96540    3
96600    3
96660    3
96720    3
96780    3
96840    4
96900    4
96960    4
97020    3
97080    3
97140    3
97200    4
97260    4
97320    3
97380    3
97440    3
97500    4
97560    4
97620    4
97680    4
97740    4
97800    4
97860    4
97920    4
97980    4
98040    4
98100    4
98160    4
98220    4
98280    3
98340    3
98400    4
98460    4
98520    4
98580    4
98640    5
98700    6
98760    3
98820    3
98880    3
98940    3
99000    4
99060    4
99120    4
99180    4
99240    4
99300    5
99360    6
99420    6
99480    6
99540    4
99600    3
99660    3
99720    5
99780    7
99840    5
99900    9
99960    11
100020    14
100080    14
100140    16
100200    18
100260    13
100320    10
100380    7
100440    4
100500    5
100560    2
100620    3
100680    3
100740    3
100800    3
100860    3
100920    4
100980    4
101040    4
101100    4
101160    4
101220    3
101280    4
101340    4
101400    5
101460    5
101520    5
101580    5
101640    5
101700    4
101760    3
101820    3
101880    3
101940    3
102000    3
102060    3
102120    3
102180    4
102240    4
102300    4
102360    4
102420    5
102480    5
102540    5
102600    7
102660    6
102720    6
102780    6
102840    4
102900    4
102960    4
103020    2
103080    2
103140    2
103200    3
103260    3
103320    2
103380    4
103440    5
103500    5
103560    5
103620    6
103680    6
103740    6
103800    3
103860    3
103920    5
103980    5
104040    5
104100    5
104160    5
104220    2
104280    3
104340    5
104400    5
104460    6
104520    6
104580    4
104640    4
104700    4
104760    3
104820    3
104880    5
104940    5
105000    5
105060    5
105120    5
105180    5
105240    5
105300    5
105360    4
105420    4
105480    4
105540    3
105600    3
105660    2
105720    2
105780    3
105840    3
105900    2
105960    2
106020    2
106080    2
106140    2
106200    2
106260    4
106320    4
106380    5
106440    5
106500    8
106560    9
106620    6
106680    6
106740    5
106800    7
106860    4
106920    5
106980    6
107040    6
107100    5
107160    5
107220    5
107280    4
107340    6
107400    8
107460    6
107520    7
107580    7
107640    8
107700    7
107760    7
107820    6
107880    4
107940    3
108000    3
108060    6
108120    6
108180    7
108240    8
108300    5
108360    9
108420    8
108480    8
108540    6
108600    6
108660    7
108720    7
108780    7
108840    8
108900    8
108960    9
109020    9
109080    10
109140    10
109200    11
109260    12
109320    16
109380    12
109440    14
109500    19
109560    12
109620    13
109680    15
109740    22
109800    19
109860    12
109920    16
109980    16
110040    18
110100    10
110160    11
110220    7
110280    6
110340    9
110400    11
110460    5
110520    7
110580    6
110640    7
110700    7
110760    13
110820    14
110880    11
110940    11
111000    18
111060    6
111120    6
111180    8
111240    14
111300    17
111360    20
111420    17
111480    12
111540    12
111600    18
111660    17
111720    14
111780    15
111840    16
111900    19
111960    19
112020    20
112080    20
112140    19
112200    13
112260    13
112320    13
112380    14
112440    17
112500    19
112560    14
112620    18
112680    23
112740    19
112800    16
112860    7
112920    7
112980    12
113040    16
113100    17
113160    15
113220    17
113280    17
113340    8
113400    17
113460    18
113520    17
113580    14
113640    16
113700    15
113760    13
113820    8
113880    8
113940    8
114000    8
114060    14
114120    14
114180    6
114240    7
114300    6
114360    6
114420    7
114480    9
114540    10
114600    13
114660    13
114720    10
114780    10
114840    7
114900    6
114960    6
115020    5
115080    5
115140    5
115200    5
115260    5
115320    5
115380    5
115440    5
115500    6
115560    9
115620    13
115680    11
115740    12
115800    10
115860    10
115920    8
115980    6
116040    4
116100    6
116160    3
116220    3
116280    3
116340    3
116400    3
116460    3
116520    3
116580    3
116640    2
116700    2
116760    2
116820    2
116880    2
116940    2
117000    2
117060    3
117120    5
117180    5
117240    9
117300    8
117360    4
117420    4
117480    4
117540    3
117600    3
117660    3
117720    4
117780    4
117840    4
117900    4
117960    4
118020    4
118080    3
118140    3
118200    2
118260    2
118320    2
118380    2
118440    2
118500    2
118560    3
118620    4
118680    4
118740    6
118800    5
118860    5
118920    3
118980    4
119040    4
119100    4
119160    4
119220    3
119280    3
119340    3
119400    3
119460    3
119520    3
119580    2
119640    2
119700    2
119760    2
119820    2
119880    2
119940    3
120000    3
120060    2
120120    2
120180    2
120240    2
120300    2
120360    2
120420    2
120480    2
120540    2
120600    3
120660    3
120720    4
120780    4
120840    4
120900    4
120960    4
121020    3
121080    3
121140    3
121200    4
121260    4
121320    4
121380    3
121440    3
121500    3
121560    3
121620    4
121680    4
121740    4
121800    4
121860    4
121920    4
121980    4
122040    4
122100    3
122160    4
122220    4
122280    4
122340    4
122400    4
122460    4
122520    4
122580    4
122640    4
122700    4
122760    4
122820    4
122880    4
122940    4
123000    4
123060    4
123120    4
123180    4
123240    3
123300    3
123360    4
123420    3
123480    2
123540    2
123600    2
123660    3
123720    4
123780    4
123840    4
123900    5
123960    5
124020    5
124080    5
124140    4
124200    4
124260    4
124320    4
124380    4
124440    4
124500    4
124560    2
124620    4
124680    4
124740    4
124800    4
124860    4
124920    4
124980    4
125040    3
125100    4
125160    4
125220    3
125280    3
125340    3
125400    3
125460    3
125520    2
125580    2
125640    3
125700    3
125760    3
125820    3
125880    3
125940    3
126000    3
126060    3
126120    3
126180    3
126240    3
126300    2
126360    3
126420    3
126480    3
126540    3
126600    3
126660    3
126720    3
126780    3
126840    3
126900    3
126960    3
127020    3
127080    3
127140    3
127200    3
127260    3
127320    3
127380    3
127440    3
127500    3
127560    3
127620    3
127680    3
127740    3
127800    3
127860    3
127920    3
127980    3
128040    2
128100    2
128160    3
128220    2
128280    2
128340    2
128400    2
128460    2
128520    3
128580    3
128640    3
128700    3
128760    3
128820    3
128880    3
128940    3
129000    3
129060    3
129120    3
129180    3
129240    2
129300    3
129360    3
129420    3
129480    3
129540    3
129600    3
129660    3
129720    3
129780    3
129840    3
129900    3
129960    3
130020    3
130080    3
130140    3
130200    3
130260    3
130320    3
130380    3
130440    3
130500    3
130560    3
130620    3
130680    3
130740    3
130800    3
130860    3
130920    3
130980    3
131040    3
131100    3
131160    3
131220    3
131280    3
131340    3
131400    3
131460    3
131520    3
131580    3
131640    3
131700    3
131760    3
131820    3
131880    3
131940    3
132000    3
132060    3
132120    3
132180    3
132240    3
132300    3
132360    3
132420    3
132480    3
132540    3
132600    3
132660    3
132720    3
132780    3
132840    3
132900    3
132960    3
133020    3
133080    3
133140    3
133200    3
133260    3
133320    3
133380    3
133440    3
133500    3
133560    3
133620    3
133680    3
133740    3
133800    3
133860    3
133920    3
133980    3
134040    3
134100    3
134160    3
134220    3
134280    3
134340    3
134400    3
134460    3
134520    3
134580    3
134640    3
134700    3
134760    3
134820    3
134880    3
134940    3
135000    3
135060    3
135120    3
135180    3
135240    3
135300    3
135360    3
135420    3
135480    3
135540    3
135600    3
135660    3
135720    3
135780    3
135840    3
135900    3
135960    3
136020    3
136080    3
136140    3
136200    3
136260    3
136320    3
136380    3
136440    3
136500    3
136560    3
136620    3
136680    3
136740    3
136800    3
136860    3
136920    3
136980    3
137040    3
137100    3
137160    3
137220    3
137280    3
137340    3
137400    3
137460    3
137520    3
137580    3
137640    3
137700    3
137760    2
137820    2
137880    2
137940    3
138000    3
138060    3
138120    3
138180    3
138240    3
138300    3
138360    3
138420    3
138480    3
138540    2
138600    2
138660    2
138720    2
138780    3
138840    3
138900    3
138960    3
139020    3
139080    3
139140    3
139200    3
139260    3
139320    3
139380    3
139440    3
139500    3
139560    3
139620    3
139680    3
139740    3
139800    3
139860    3
139920    3
139980    3
140040    3
140100    3
140160    3
140220    3
140280    3
140340    3
140400    3
140460    3
140520    3
140580    3
140640    3
140700    3
140760    3
140820    3
140880    3
140940    3
141000    3
141060    3
141120    3
141180    3
141240    3
141300    3
141360    3
141420    3
141480    3
141540    3
141600    3
141660    3
141720    3
141780    2
141840    2
141900    2
141960    2
142020    3
142080    3
142140    3
142200    3
142260    3
142320    3
142380    3
142440    3
142500    3
142560    3
142620    3
142680    3
142740    3
142800    3
142860    3
142920    3
142980    3
143040    3
143100    3
143160    3
143220    3
143280    3
143340    3
143400    3
143460    3
143520    3
143580    3
143640    3
143700    3
143760    3
143820    3
143880    3
143940    3
144000    3
144060    3
144120    3
144180    3
144240    3
144300    3
144360    3
144420    3
144480    3
144540    3
144600    3
144660    3
144720    3
144780    3
144840    3
144900    3
144960    3
145020    3
145080    3
145140    3
145200    3
145260    3
145320    3
145380    3
145440    3
145500    3
145560    3
145620    3
145680    3
145740    3
145800    3
145860    3
145920    3
145980    3
146040    3
146100    3
146160    3
146220    3
146280    3
146340    2
146400    2
146460    3
146520    3
146580    3
146640    3
146700    3
146760    3
146820    3
146880    3
146940    3
147000    3
147060    3
147120    3
147180    3
147240    3
147300    3
147360    3
147420    3
147480    3
147540    3
147600    3
147660    3
147720    3
147780    3
147840    3
147900    3
147960    3
148020    3
148080    3
148140    3
148200    3
148260    3
148320    3
148380    3
148440    3
148500    3
148560    3
148620    3
148680    3
148740    3
148800    3
148860    3
148920    3
148980    3
149040    3
149100    3
149160    3
149220    3
149280    3
149340    3
149400    3
149460    3
149520    3
149580    3
149640    3
149700    3
149760    3
149820    3
149880    3
149940    3
150000    3
150060    3
150120    3
150180    3
150240    3
150300    3
150360    3
150420    3
150480    3
150540    3
150600    3
150660    3
150720    3
150780    3
150840    3
150900    2
150960    2
151020    2
151080    2
151140    3
151200    3
151260    3
151320    3
151380    3
151440    3
151500    3
151560    3
151620    3
151680    3
151740    3
151800    3
151860    3
151920    3
151980    3
152040    3
152100    3
152160    3
152220    3
152280    3
152340    3
152400    3
152460    3
152520    3
152580    3
152640    3
152700    3
152760    3
152820    3
152880    3
152940    3
153000    3
153060    3
153120    3
153180    3
153240    3
153300    3
153360    3
153420    3
153480    3
153540    3
153600    3
153660    3
153720    3
153780    3
153840    3
153900    3
153960    3
154020    3
154080    3
154140    3
154200    3
154260    3
154320    3
154380    3
154440    3
154500    3
154560    3
154620    3
154680    3
154740    3
154800    3
154860    3
154920    3
154980    3
155040    3
155100    3
155160    3
155220    3
155280    3
155340    3
155400    3
155460    3
155520    3
155580    3
155640    3
155700    3
155760    3
155820    3
155880    3
155940    3
156000    3
156060    3
156120    3
156180    3
156240    3
156300    3
156360    3
156420    3
156480    3
156540    3
156600    3
156660    3
156720    3
156780    3
156840    3
156900    3
156960    3
157020    3
157080    3
157140    3
157200    3
157260    3
157320    3
157380    3
157440    3
157500    3
157560    3
157620    3
157680    3
157740    3
157800    3
157860    3
157920    3
157980    3
158040    3
158100    3
158160    3
158220    3
158280    3
158340    3
158400    3
158460    3
158520    3
158580    3
158640    3
158700    3
158760    3
158820    3
158880    3
158940    3
159000    5
159060    7
159120    7
159180    7
159240    7
159300    4
159360    6
159420    7
159480    7
159540    7
159600    7
159660    9
159720    9
159780    9
159840    9
159900    9
159960    9
160020    9
160080    9
160140    9
160200    9
160260    8
160320    9
160380    8
160440    8
160500    9
160560    7
160620    8
160680    8
160740    8
160800    4
160860    7
160920    7
160980    7
161040    7
161100    6
161160    6
161220    6
161280    6
161340    6
161400    6
161460    6
161520    8
161580    8
161640    8
161700    8
161760    10
161820    9
161880    9
161940    9
162000    9
162060    9
162120    9
162180    9
162240    9
162300    10
162360    9
162420    7
162480    8
162540    7
162600    7
162660    7
162720    8
162780    9
162840    8
162900    8
162960    7
163020    7
163080    5
163140    5
163200    4
163260    3
163320    4
163380    5
163440    5
163500    3
163560    3
163620    3
163680    3
163740    3
163800    3
163860    3
163920    3
163980    4
164040    4
164100    6
164160    5
164220    6
164280    5
164340    4
164400    4
164460    4
164520    11
164580    7
164640    4
164700    3
164760    3
164820    5
164880    5
164940    7
165000    8
165060    8
165120    8
165180    8
165240    12
165300    10
165360    7
165420    7
165480    3
165540    5
165600    6
165660    5
165720    5
165780    4
165840    5
165900    4
165960    3
166020    3
166080    3
166140    3
166200    3
166260    3
166320    3
166380    5
166440    5
166500    4
166560    4
166620    4
166680    5
166740    5
166800    5
166860    7
166920    5
166980    5
167040    5
167100    8
167160    7
167220    5
167280    6
167340    7
167400    5
167460    6
167520    6
167580    4
167640    4
167700    7
167760    5
167820    6
167880    7
167940    9
168000    9
168060    9
168120    10
168180    8
168240    6
168300    5
168360    7
168420    5
168480    5
168540    7
168600    5
168660    3
168720    3
168780    3
168840    3
168900    3
168960    4
169020    4
169080    7
169140    6
169200    9
169260    10
169320    7
169380    7
169440    4
169500    5
169560    3
169620    3
169680    3
169740    3
169800    4
169860    4
169920    5
169980    5
170040    6
170100    6
170160    4
170220    4
170280    3
170340    4
170400    4
170460    3
170520    4
170580    4
170640    4
170700    4
170760    3
170820    4
170880    4
170940    4
171000    6
171060    7
171120    4
171180    6
171240    13
171300    11
171360    15
171420    12
171480    13
171540    13
171600    15
171660    16
171720    18
171780    18
171840    20
171900    17
171960    12
172020    12
172080    17
172140    18
172200    17
172260    17
172320    13
172380    15
172440    23
172500    23
172560    15
172620    13
172680    15
172740    16
172800    15
172860    16
172920    16
172980    16
173040    14
173100    16
173160    16
173220    18
173280    19
173340    19
173400    11
173460    15
173520    20
173580    19
173640    18
173700    18
173760    16
173820    15
173880    14
173940    8
174000    14
174060    14
174120    13
174180    12
174240    13
174300    12
174360    13
174420    14
174480    13
174540    12
174600    13
174660    13
174720    8
174780    8
174840    9
174900    9
174960    9
175020    9
175080    10
175140    9
175200    9
175260    6
175320    6
175380    4
175440    3
175500    3
175560    2
175620    2
175680    3
175740    3
175800    3
175860    2
175920    2
175980    2
176040    2
176100    2
176160    2
176220    2
176280    2
176340    2
176400    2
176460    2
176520    2
176580    6
176640    6
176700    7
176760    7
176820    7
176880    9
176940    10
177000    10
177060    10
177120    10
177180    11
177240    8
177300    8
177360    8
177420    11
177480    12
177540    11
177600    10
177660    10
177720    10
177780    7
177840    10
177900    12
177960    10
178020    12
178080    7
178140    4
178200    5
178260    8
178320    8
178380    8
178440    5
178500    7
178560    8
178620    8
178680    8
178740    7
178800    7
178860    7
178920    8
178980    7
179040    8
179100    14
179160    14
179220    14
179280    7
179340    7
179400    10
179460    10
179520    15
179580    13
179640    9
179700    9
179760    7
179820    6
179880    6
179940    8
180000    8
180060    8
180120    8
180180    8
180240    6
180300    6
180360    6
180420    9
180480    9
180540    8
180600    8
180660    8
180720    8
180780    8
180840    6
180900    8
180960    8
181020    8
181080    8
181140    8
181200    8
181260    8
181320    8
181380    8
181440    8
181500    7
181560    7
181620    8
181680    14
181740    14
181800    11
181860    11
181920    13
181980    11
182040    12
182100    7
182160    10
182220    8
182280    17
182340    14
182400    6
182460    9
182520    4
182580    10
182640    13
182700    13
182760    15
182820    11
182880    7
182940    5
183000    6
183060    6
183120    6
183180    6
183240    6
183300    6
183360    6
183420    7
183480    7
183540    10
183600    8
183660    8
183720    7
183780    7
183840    5
183900    3
183960    3
184020    8
184080    8
184140    9
184200    11
184260    6
184320    5
184380    4
184440    5
184500    4
184560    5
184620    5
184680    9
184740    5
184800    6
184860    5
184920    5
184980    6
185040    4
185100    6
185160    6
185220    6
185280    6
185340    6
185400    7
185460    7
185520    7
185580    7
185640    5
185700    5
185760    6
185820    6
185880    5
185940    5
186000    5
186060    5
186120    3
186180    3
186240    6
186300    6
186360    5
186420    5
186480    5
186540    5
186600    5
186660    5
186720    5
186780    5
186840    6
186900    4
186960    4
187020    4
187080    4
187140    6
187200    5
187260    5
187320    5
187380    6
187440    6
187500    5
187560    5
187620    6
187680    7
187740    5
187800    5
187860    5
187920    5
187980    5
188040    5
188100    5
188160    5
188220    5
188280    5
188340    6
188400    5
188460    5
188520    5
188580    6
188640    5
188700    5
188760    7
188820    6
188880    4
188940    5
189000    5
189060    5
189120    6
189180    5
189240    5
189300    5
189360    5
189420    5
189480    5
189540    4
189600    4
189660    5
189720    6
189780    8
189840    4
189900    3
189960    5
190020    3
190080    3
190140    4
190200    7
190260    7
190320    7
190380    5
190440    4
190500    4
190560    4
190620    4
190680    4
190740    3
190800    3
190860    10
190920    5
190980    4
191040    7
191100    3
191160    4
191220    4
191280    4
191340    3
191400    2
191460    2
191520    2
191580    2
191640    2
191700    2
191760    2
191820    2
191880    2
191940    2
192000    2
192060    2
192120    2
192180    2
192240    2
192300    2
192360    2
192420    2
192480    2
192540    2
192600    2
192660    2
192720    2
192780    2
192840    2
192900    2
192960    2
193020    2
193080    2
193140    3
193200    3
193260    2
193320    2
193380    2
193440    2
193500    2
193560    2
193620    2
193680    2
193740    2
193800    2
193860    2
193920    2
193980    2
194040    2
194100    2
194160    2
194220    2
194280    3
194340    3
194400    3
194460    2
194520    2
194580    2
194640    3
194700    2
194760    2
194820    2
194880    2
194940    2
195000    2
195060    2
195120    2
195180    3
195240    2
195300    2
195360    2
195420    2
195480    3
195540    3
195600    2
195660    2
195720    3
195780    3
195840    2
195900    2
195960    2
196020    2
196080    2
196140    2
196200    2
196260    2
196320    2
196380    2
196440    2
196500    2
196560    2
196620    2
196680    2
196740    2
196800    2
196860    2
196920    2
196980    2
197040    2
197100    2
197160    2
197220    2
197280    2
197340    2
197400    2
197460    2
197520    2
197580    2
197640    2
197700    2
197760    2
197820    2
197880    2
197940    2
198000    2
198060    2
198120    2
198180    2
198240    2
198300    2
198360    3
198420    3
198480    4
198540    4
198600    3
198660    3
198720    2
198780    2
198840    2
198900    3
198960    3
199020    3
199080    3
199140    3
199200    3
199260    3
199320    3
199380    3
199440    2
199500    2
199560    2
199620    3
199680    3
199740    3
199800    3
199860    3
199920    3
199980    3
200040    3
200100    3
200160    3
200220    3
200280    3
200340    3
200400    3
200460    3
200520    3
200580    3
200640    3
200700    3
200760    3
200820    3
200880    3
200940    3
201000    3
201060    3
201120    3
201180    3
201240    3
201300    3
201360    3
201420    3
201480    3
201540    3
201600    3
201660    3
201720    3
201780    3
201840    3
201900    3
201960    3
202020    3
202080    3
202140    3
202200    3
202260    3
202320    3
202380    3
202440    3
202500    3
202560    3
202620    3
202680    3
202740    3
202800    3
202860    3
202920    3
202980    3
203040    3
203100    3
203160    2
203220    2
203280    2
203340    3
203400    3
203460    3
203520    3
203580    3
203640    3
203700    3
203760    3
203820    3
203880    3
203940    2
204000    2
204060    2
204120    2
204180    2
204240    2
204300    2
204360    2
204420    2
204480    2
204540    2
204600    2
204660    2
204720    2
204780    2
204840    2
204900    2
204960    2
205020    2
205080    2
205140    2
205200    2
205260    2
205320    2
205380    2
205440    2
205500    2
205560    2
205620    2
205680    2
205740    2
205800    2
205860    2
205920    2
205980    2
206040    2
206100    2
206160    2
206220    2
206280    2
206340    2
206400    2
206460    2
206520    2
206580    2
206640    2
206700    2
206760    2
206820    2
206880    2
206940    2
207000    2
207060    2
207120    2
207180    2
207240    2
207300    2
207360    2
207420    2
207480    2
207540    2
207600    2
207660    2
207720    2
207780    2
207840    2
207900    2
207960    2
208020    2
208080    2
208140    2
208200    2
208260    2
208320    2
208380    2
208440    2
208500    2
208560    2
208620    2
208680    2
208740    2
208800    2
208860    2
208920    2
208980    2
209040    2
209100    2
209160    2
209220    2
209280    2
209340    2
209400    2
209460    2
209520    2
209580    2
209640    2
209700    2
209760    2
209820    2
209880    2
209940    2
210000    2
210060    2
210120    2
210180    2
210240    2
210300    2
210360    2
210420    2
210480    2
210540    2
210600    2
210660    2
210720    2
210780    2
210840    2
210900    2
210960    2
211020    2
211080    2
211140    2
211200    2
211260    2
211320    2
211380    2
211440    2
211500    2
211560    2
211620    2
211680    2
211740    2
211800    2
211860    2
211920    2
211980    2
212040    2
212100    2
212160    2
212220    2
212280    2
212340    2
212400    2
212460    2
212520    2
212580    2
212640    2
212700    2
212760    2
212820    2
212880    2
212940    2
213000    2
213060    2
213120    2
213180    2
213240    2
213300    2
213360    2
213420    2
213480    2
213540    2
213600    2
213660    2
213720    2
213780    2
213840    2
213900    2
213960    2
214020    2
214080    2
214140    2
214200    2
214260    2
214320    2
214380    2
214440    2
214500    2
214560    2
214620    2
214680    2
214740    2
214800    2
214860    2
214920    2
214980    2
215040    2
215100    2
215160    2
215220    2
215280    2
215340    2
215400    2
215460    2
215520    2
215580    2
215640    2
215700    2
215760    2
215820    3
215880    3
215940    3
216000    3
216060    3
216120    3
216180    2
216240    2
216300    2
216360    2
216420    3
216480    3
216540    3
216600    3
216660    2
216720    2
216780    2
216840    2
216900    2
216960    3
217020    3
217080    3
217140    3
217200    3
217260    3
217320    2
217380    2
217440    3
217500    3
217560    3
217620    2
217680    2
217740    2
217800    2
217860    2
217920    2
217980    3
218040    3
218100    3
218160    3
218220    3
218280    3
218340    3
218400    3
218460    3
218520    3
218580    3
218640    3
218700    3
218760    3
218820    3
218880    2
218940    2
219000    2
219060    2
219120    3
219180    3
219240    3
219300    3
219360    3
219420    3
219480    3
219540    3
219600    3
219660    3
219720    3
219780    2
219840    2
219900    2
219960    2
220020    2
220080    2
220140    2
220200    2
220260    3
220320    3
220380    3
220440    2
220500    2
220560    2
220620    2
220680    2
220740    2
220800    2
220860    2
220920    2
220980    2
221040    2
221100    2
221160    2
221220    2
221280    2
221340    2
221400    2
221460    3
221520    3
221580    2
221640    2
221700    2
221760    2
221820    2
221880    2
221940    2
222000    2
222060    2
222120    2
222180    2
222240    2
222300    2
222360    2
222420    3
222480    3
222540    3
222600    2
222660    2
222720    2
222780    2
222840    3
222900    3
222960    2
223020    2
223080    2
223140    2
223200    2
223260    2
223320    2
223380    2
223440    2
223500    2
223560    2
223620    2
223680    2
223740    2
223800    3
223860    2
223920    2
223980    2
224040    2
224100    2
224160    2
224220    3
224280    3
224340    3
224400    3
224460    3
224520    3
224580    2
224640    2
224700    2
224760    2
224820    2
224880    2
224940    3
225000    2
225060    2
225120    2
225180    2
225240    2
225300    2
225360    2
225420    2
225480    2
225540    2
225600    2
225660    2
225720    2
225780    2
225840    3
225900    3
225960    2
226020    2
226080    2
226140    2
226200    2
226260    2
226320    2
226380    2
226440    2
226500    2
226560    2
226620    2
226680    2
226740    2
226800    2
226860    2
226920    2
226980    2
227040    2
227100    2
227160    2
227220    2
227280    2
227340    2
227400    2
227460    2
227520    3
227580    2
227640    2
227700    2
227760    2
227820    2
227880    2
227940    3
228000    3
228060    2
228120    2
228180    2
228240    2
228300    3
228360    3
228420    2
228480    2
228540    2
228600    2
228660    2
228720    2
228780    2
228840    3
228900    3
228960    2
229020    3
229080    3
229140    3
229200    3
229260    3
229320    3
229380    3
229440    3
229500    3
229560    3
229620    2
229680    2
229740    2
229800    2
229860    2
229920    2
229980    3
230040    3
230100    3
230160    3
230220    2
230280    2
230340    2
230400    3
230460    3
230520    3
230580    2
230640    2
230700    2
230760    2
230820    2
230880    2
230940    2
231000    3
231060    3
231120    2
231180    2
231240    2
231300    2
231360    2
231420    3
231480    3
231540    3
231600    3
231660    3
231720    3
231780    3
231840    3
231900    3
231960    3
232020    3
232080    3
232140    3
232200    3
232260    3
232320    3
232380    3
232440    3
232500    3
232560    3
232620    3
232680    3
232740    3
232800    3
232860    3
232920    3
232980    3
233040    3
233100    3
233160    3
233220    3
233280    3
233340    2
233400    2
233460    2
233520    2
233580    3
233640    3
233700    3
233760    3
233820    3
233880    3
233940    3
234000    3
234060    3
234120    3
234180    3
234240    3
234300    3
234360    3
234420    3
234480    3
234540    3
234600    3
234660    3
234720    3
234780    3
234840    3
234900    3
234960    3
235020    3
235080    3
235140    3
235200    2
235260    3
235320    3
235380    3
235440    3
235500    3
235560    3
235620    3
235680    3
235740    3
235800    3
235860    3
235920    3
235980    3
236040    3
236100    3
236160    3
236220    3
236280    3
236340    3
236400    3
236460    3
236520    3
236580    3
236640    3
236700    3
236760    3
236820    3
236880    3
236940    3
237000    3
237060    3
237120    3
237180    3
237240    3
237300    3
237360    3
237420    3
237480    3
237540    3
237600    3
237660    3
237720    3
237780    3
237840    3
237900    3
237960    3
238020    3
238080    3
238140    3
238200    3
238260    3
238320    3
238380    3
238440    3
238500    3
238560    3
238620    3
238680    3
238740    3
238800    3
238860    3
238920    3
238980    3
239040    3
239100    3
239160    3
239220    3
239280    3
239340    3
239400    3
239460    3
239520    3
239580    3
239640    3
239700    3
239760    3
239820    3
239880    3
239940    3
240000    3
240060    3
240120    3
240180    3
240240    3
240300    3
240360    3
240420    3
240480    3
240540    3
240600    3
240660    3
240720    3
240780    3
240840    3
240900    3
240960    3
241020    3
241080    3
241140    3
241200    3
241260    3
241320    3
241380    3
241440    3
241500    3
241560    3
241620    3
241680    3
241740    3
241800    3
241860    3
241920    3
241980    3
242040    3
242100    3
242160    3
242220    3
242280    3
242340    3
242400    3
242460    3
242520    3
242580    3
242640    3
242700    3
242760    3
242820    3
242880    3
242940    3
243000    3
243060    3
243120    3
243180    3
243240    2
243300    2
243360    2
243420    2
243480    2
243540    2
243600    4
243660    3
243720    3
243780    4
243840    3
243900    4
243960    4
244020    2
244080    2
244140    4
244200    5
244260    5
244320    5
244380    5
244440    5
244500    9
244560    7
244620    11
244680    10
244740    6
244800    7
244860    7
244920    7
244980    7
245040    7
245100    7
245160    7
245220    7
245280    7
245340    7
245400    7
245460    6
245520    6
245580    5
245640    5
245700    6
245760    6
245820    6
245880    6
245940    6
246000    9
246060    9
246120    9
246180    14
246240    15
246300    10
246360    10
246420    8
246480    11
246540    7
246600    7
246660    6
246720    6
246780    6
246840    4
246900    7
246960    8
247020    7
247080    7
247140    8
247200    8
247260    9
247320    11
247380    22
247440    13
247500    9
247560    9
247620    8
247680    7
247740    7
247800    7
247860    6
247920    7
247980    11
248040    11
248100    11
248160    10
248220    9
248280    9
248340    8
248400    8
248460    11
248520    12
248580    6
248640    7
248700    16
248760    15
248820    8
248880    15
248940    12
249000    8
249060    11
249120    11
249180    14
249240    14
249300    12
249360    10
249420    15
249480    16
249540    14
249600    13
249660    14
249720    15
249780    15
249840    21
249900    18
249960    16
250020    6
250080    8
250140    14
250200    13
250260    11
250320    17
250380    18
250440    19
250500    18
250560    15
250620    12
250680    14
250740    8
250800    9
250860    6
250920    6
250980    11
251040    12
251100    10
251160    9
251220    7
251280    7
251340    5
251400    6
251460    7
251520    4
251580    7
251640    7
251700    5
251760    5
251820    5
251880    5
251940    4
252000    9
252060    7
252120    7
252180    7
252240    6
252300    11
252360    7
252420    4
252480    4
252540    6
252600    6
252660    5
252720    3
252780    3
252840    3
252900    3
252960    4
253020    5
253080    5
253140    4
253200    4
253260    4
253320    4
253380    4
253440    3
253500    5
253560    5
253620    5
253680    5
253740    4
253800    4
253860    3
253920    2
253980    3
254040    3
254100    3
254160    4
254220    3
254280    2
254340    2
254400    3
254460    4
254520    3
254580    6
254640    6
254700    5
254760    6
254820    7
254880    7
254940    5
255000    3
255060    4
255120    4
255180    6
255240    7
255300    7
255360    9
255420    8
255480    5
255540    8
255600    4
255660    6
255720    6
255780    5
255840    3
255900    3
255960    4
256020    11
256080    11
256140    9
256200    7
256260    3
256320    3
256380    7
256440    8
256500    8
256560    10
256620    9
256680    4
256740    4
256800    8
256860    6
256920    13
256980    10
257040    4
257100    4
257160    3
257220    9
257280    13
257340    12
257400    5
257460    4
257520    5
257580    4
257640    4
257700    9
257760    9
257820    9
257880    12
257940    12
258000    11
258060    5
258120    6
258180    11
258240    11
258300    9
258360    9
258420    6
258480    6
258540    5
258600    6
258660    12
258720    13
258780    7
258840    7
258900    8
258960    7
259020    6
259080    6
259140    6
259200    6
259260    7
259320    7
259380    3
259440    7
259500    9
259560    5
259620    4
259680    6
259740    6
259800    5
259860    5
259920    5
259980    5
260040    6
260100    6
260160    6
260220    8
260280    6
260340    7
260400    8
260460    8
260520    8
260580    8
260640    8
260700    7
260760    7
260820    7
260880    7
260940    7
261000    7
261060    7
261120    7
261180    7
261240    7
261300    7
261360    11
261420    7
261480    7
261540    7
261600    7
261660    7
261720    7
261780    7
261840    7
261900    8
261960    7
262020    7
262080    7
262140    7
262200    7
262260    7
262320    8
262380    8
262440    8
262500    8
262560    8
262620    7
262680    7
262740    7
262800    7
262860    7
262920    7
262980    7
263040    7
263100    7
263160    7
263220    7
263280    8
263340    8
263400    7
263460    8
263520    8
263580    8
263640    8
263700    8
263760    7
263820    8
263880    9
263940    12
264000    9
264060    9
264120    8
264180    9
264240    9
264300    9
264360    9
264420    8
264480    8
264540    10
264600    10
264660    9
264720    10
264780    10
264840    11
264900    11
264960    11
265020    11
265080    11
265140    10
265200    10
265260    10
265320    10
265380    11
265440    10
265500    11
265560    11
265620    10
265680    10
265740    9
265800    9
265860    9
265920    10
265980    10
266040    10
266100    10
266160    10
266220    11
266280    13
266340    12
266400    13
266460    13
266520    11
266580    11
266640    12
266700    13
266760    13
266820    14
266880    12
266940    11
267000    12
267060    14
267120    13
267180    12
267240    13
267300    13
267360    12
267420    12
267480    12
267540    12
267600    12
267660    16
267720    17
267780    17
267840    18
267900    18
267960    16
268020    15
268080    18
268140    18
268200    14
268260    14
268320    15
268380    14
268440    13
268500    6
268560    4
268620    4
268680    3
268740    3
268800    3
268860    3
268920    3
268980    3
269040    3
269100    1
269160    1
269220    1
269280    1
269340    1
269400    1
269460    1
269520    1
269580    1
269640    1
269700    1
269760    1
269820    1
269880    1
269940    1
270000    2
270060    2
270120    2
270180    2
270240    1
270300    1
270360    1
270420    1
270480    1
270540    1
270600    1
270660    1
270720    1
270780    1
270840    1
270900    1
270960    1
271020    1
271080    1
271140    1
271200    1
271260    1
271320    1
271380    1
271440    1
271500    1
271560    1
271620    1
271680    1
271740    1
271800    1
271860    1
271920    1
271980    1
272040    1
272100    1
272160    1
272220    1
272280    1
272340    1
272400    1
272460    1
272520    1
272580    1
272640    1
272700    1
272760    1
272820    1
272880    1
272940    1
273000    1
273060    1
273120    1
273180    1
273240    1
273300    1
273360    1
273420    1
273480    1
273540    1
273600    1
273660    1
273720    1
273780    1
273840    1
273900    1
273960    1
274020    1
274080    1
274140    1
274200    1
274260    1
274320    1
274380    2
274440    2
274500    2
274560    2
274620    2
274680    2
274740    2
274800    2
274860    2
