60    41
120    41
180    41
240    41
300    41
360    41
420    41
480    41
540    41
600    41
660    41
720    41
780    41
840    41
900    41
960    41
1020    41
1080    41
1140    41
1200    41
1260    41
1320    41
1380    41
1440    41
1500    41
1560    41
1620    41
1680    41
1740    41
1800    41
1860    41
1920    41
1980    41
2040    41
2100    41
2160    41
2220    41
2280    41
2340    41
2400    41
2460    41
2520    41
2580    41
2640    41
2700    41
2760    41
2820    41
2880    41
2940    41
3000    41
3060    41
3120    41
3180    41
3240    41
3300    41
3360    41
3420    41
3480    41
3540    41
3600    41
3660    41
3720    41
3780    41
3840    41
3900    41
3960    41
4020    41
4080    41
4140    41
4200    41
4260    41
4320    41
4380    41
4440    41
4500    41
4560    41
4620    41
4680    41
4740    41
4800    41
4860    41
4920    41
4980    41
5040    41
5100    41
5160    41
5220    41
5280    41
5340    41
5400    41
5460    41
5520    41
5580    41
5640    41
5700    41
5760    41
5820    41
5880    41
5940    41
6000    41
6060    41
6120    41
6180    41
6240    41
6300    41
6360    41
6420    41
6480    41
6540    41
6600    41
6660    41
6720    41
6780    41
6840    41
6900    41
6960    41
7020    41
7080    41
7140    41
7200    41
7260    41
7320    41
7380    41
7440    41
7500    41
7560    41
7620    41
7680    41
7740    41
7800    41
7860    41
7920    41
7980    41
8040    41
8100    41
8160    41
8220    41
8280    41
8340    41
8400    41
8460    41
8520    41
8580    41
8640    41
8700    41
8760    41
8820    41
8880    41
8940    41
9000    41
9060    41
9120    41
9180    41
9240    41
9300    41
9360    41
9420    41
9480    41
9540    41
9600    41
9660    41
9720    41
9780    41
9840    41
9900    41
9960    41
10020    41
10080    41
10140    41
10200    41
10260    41
10320    41
10380    41
10440    41
10500    41
10560    41
10620    41
10680    41
10740    41
10800    41
10860    41
10920    41
10980    41
11040    41
11100    41
11160    41
11220    41
11280    41
11340    41
11400    41
11460    41
11520    41
11580    41
11640    41
11700    41
11760    41
11820    41
11880    41
11940    41
12000    41
12060    41
12120    41
12180    41
12240    41
12300    41
12360    41
12420    41
12480    41
12540    41
12600    41
12660    41
12720    41
12780    41
12840    41
12900    41
12960    41
13020    41
13080    41
13140    41
13200    41
13260    41
13320    41
13380    41
13440    41
13500    41
13560    41
13620    41
13680    41
13740    41
13800    41
13860    41
13920    41
13980    41
14040    41
14100    41
14160    41
14220    41
14280    41
14340    41
14400    41
14460    41
14520    41
14580    41
14640    41
14700    41
14760    41
14820    41
14880    41
14940    41
15000    41
15060    41
15120    41
15180    41
15240    41
15300    41
15360    41
15420    41
15480    41
15540    41
15600    41
15660    41
15720    41
15780    41
15840    41
15900    41
15960    41
16020    41
16080    41
16140    41
16200    41
16260    41
16320    41
16380    41
16440    41
16500    41
16560    41
16620    41
16680    41
16740    41
16800    41
16860    41
16920    41
16980    41
17040    41
17100    41
17160    41
17220    41
17280    41
17340    41
17400    41
17460    41
17520    41
17580    41
17640    41
17700    41
17760    41
17820    41
17880    41
17940    41
18000    41
18060    41
18120    41
18180    41
18240    41
18300    41
18360    41
18420    41
18480    41
18540    41
18600    41
18660    41
18720    41
18780    41
18840    41
18900    41
18960    41
19020    41
19080    41
19140    41
19200    41
19260    41
19320    41
19380    41
19440    41
19500    41
19560    41
19620    41
19680    41
19740    41
19800    41
19860    41
19920    41
19980    41
20040    41
20100    41
20160    41
20220    41
20280    41
20340    41
20400    41
20460    41
20520    41
20580    41
20640    41
20700    41
20760    40
20820    40
20880    37
20940    37
21000    33
21060    30
21120    28
21180    30
21240    29
21300    27
21360    23
21420    16
21480    14
21540    12
21600    12
21660    13
21720    13
21780    14
21840    15
21900    16
21960    15
22020    14
22080    14
22140    14
22200    14
22260    14
22320    14
22380    14
22440    13
22500    13
22560    14
22620    12
22680    12
22740    13
22800    12
22860    12
22920    13
22980    12
23040    12
23100    13
23160    14
23220    14
23280    15
23340    15
23400    15
23460    15
23520    16
23580    15
23640    16
23700    16
23760    15
23820    15
23880    15
23940    15
24000    14
24060    14
24120    13
24180    14
24240    14
24300    16
24360    16
24420    16
24480    19
24540    19
24600    19
24660    22
24720    22
24780    22
24840    21
24900    20
24960    19
25020    23
25080    23
25140    23
25200    22
25260    24
25320    24
25380    24
25440    24
25500    24
25560    22
25620    25
25680    26
25740    26
25800    26
25860    26
25920    26
25980    24
26040    24
26100    24
26160    24
26220    26
26280    26
26340    26
26400    28
26460    29
26520    33
26580    33
26640    31
26700    32
26760    29
26820    29
26880    29
26940    29
27000    29
27060    29
27120    30
27180    31
27240    33
27300    33
27360    33
27420    34
27480    34
27540    35
27600    35
27660    34
27720    34
27780    34
27840    34
27900    34
27960    35
28020    36
28080    36
28140    36
28200    36
28260    36
28320    36
28380    36
28440    36
28500    34
28560    34
28620    34
28680    34
28740    34
28800    34
28860    34
28920    34
28980    33
29040    33
29100    35
29160    35
29220    34
29280    34
29340    34
29400    34
29460    34
29520    34
29580    34
29640    35
29700    35
29760    34
29820    34
29880    35
29940    35
30000    37
30060    36
30120    35
30180    35
30240    34
30300    34
30360    32
30420    30
30480    31
30540    31
30600    34
30660    34
30720    33
30780    33
30840    33
30900    33
30960    33
31020    33
31080    32
31140    32
31200    33
31260    32
31320    32
31380    32
31440    33
31500    36
31560    36
31620    36
31680    35
31740    34
31800    35
31860    33
31920    33
31980    34
32040    34
32100    34
32160    34
32220    35
32280    34
32340    34
32400    34
32460    33
32520    33
32580    34
32640    34
32700    34
32760    32
32820    32
32880    34
32940    33
33000    31
33060    31
33120    30
33180    35
33240    35
33300    35
33360    36
33420    38
33480    37
33540    36
33600    35
33660    36
33720    37
33780    37
33840    36
33900    36
33960    37
34020    38
34080    38
34140    35
34200    34
34260    35
34320    35
34380    34
34440    34
34500    36
34560    36
34620    35
34680    36
34740    36
34800    36
34860    36
34920    36
34980    36
35040    36
35100    38
35160    38
35220    37
35280    37
35340    35
35400    35
35460    35
35520    35
35580    36
35640    36
35700    36
35760    35
35820    35
35880    35
35940    36
36000    35
36060    34
36120    36
36180    36
36240    35
36300    35
36360    35
36420    35
36480    34
36540    34
36600    35
36660    36
36720    36
36780    36
36840    36
36900    36
36960    36
37020    34
37080    35
37140    36
37200    36
37260    37
37320    36
37380    34
37440    35
37500    36
37560    36
37620    37
37680    37
37740    36
37800    35
37860    35
37920    37
37980    35
38040    35
38100    34
38160    34
38220    35
38280    36
38340    37
38400    37
38460    36
38520    36
38580    35
38640    35
38700    33
38760    33
38820    34
38880    36
38940    36
39000    35
39060    35
39120    35
39180    34
39240    35
39300    35
39360    36
39420    36
39480    36
39540    35
39600    35
39660    35
39720    35
39780    35
39840    35
39900    36
39960    36
40020    35
40080    35
40140    34
40200    34
40260    34
40320    34
40380    36
40440    37
40500    38
40560    38
40620    36
40680    35
40740    35
40800    36
40860    34
40920    33
40980    33
41040    34
41100    35
41160    35
41220    36
41280    35
41340    34
41400    34
41460    33
41520    33
41580    33
41640    33
41700    36
41760    35
41820    35
41880    34
41940    34
42000    34
42060    33
42120    33
42180    33
42240    33
42300    33
42360    33
42420    33
42480    35
42540    36
42600    35
42660    35
42720    35
42780    35
42840    34
42900    34
42960    34
43020    34
43080    35
43140    36
43200    35
43260    34
43320    35
43380    37
43440    37
43500    35
43560    34
43620    33
43680    32
43740    33
43800    35
43860    35
43920    35
43980    35
44040    34
44100    36
44160    36
44220    36
44280    35
44340    35
44400    36
44460    36
44520    36
44580    35
44640    35
44700    38
44760    38
44820    36
44880    36
44940    36
45000    36
45060    35
45120    35
45180    35
45240    35
45300    33
45360    33
45420    34
45480    34
45540    34
45600    34
45660    34
45720    35
45780    36
45840    36
45900    35
45960    35
46020    35
46080    35
46140    35
46200    34
46260    34
46320    33
46380    34
46440    34
46500    34
46560    34
46620    34
46680    34
46740    33
46800    33
46860    33
46920    33
46980    34
47040    34
47100    34
47160    34
47220    34
47280    35
47340    34
47400    34
47460    35
47520    35
47580    34
47640    34
47700    34
47760    34
47820    34
47880    33
47940    33
48000    33
48060    33
48120    33
48180    35
48240    36
48300    35
48360    35
48420    35
48480    33
48540    32
48600    33
48660    34
48720    34
48780    34
48840    34
48900    34
48960    34
49020    34
49080    34
49140    34
49200    34
49260    34
49320    34
49380    34
49440    34
49500    34
49560    34
49620    34
49680    34
49740    34
49800    34
49860    33
49920    34
49980    33
50040    33
50100    33
50160    33
50220    33
50280    33
50340    34
50400    34
50460    34
50520    33
50580    33
50640    33
50700    33
50760    34
50820    34
50880    34
50940    34
51000    35
51060    36
51120    36
51180    37
51240    36
51300    36
51360    36
51420    35
51480    34
51540    34
51600    35
51660    35
51720    36
51780    36
51840    36
51900    36
51960    35
52020    35
52080    34
52140    34
52200    34
52260    34
52320    35
52380    34
52440    35
52500    34
52560    34
52620    34
52680    33
52740    33
52800    33
52860    34
52920    34
52980    34
53040    35
53100    34
53160    33
53220    34
53280    35
53340    35
53400    34
53460    34
53520    36
53580    36
53640    36
53700    36
53760    35
53820    35
53880    35
53940    34
54000    35
54060    35
54120    34
54180    34
54240    34
54300    34
54360    33
54420    33
54480    34
54540    34
54600    34
54660    34
54720    34
54780    34
54840    35
54900    35
54960    35
55020    34
55080    33
55140    33
55200    34
55260    35
55320    36
55380    37
55440    37
55500    37
55560    36
55620    35
55680    36
55740    35
55800    35
55860    35
55920    35
55980    34
56040    34
56100    34
56160    34
56220    34
56280    34
56340    34
56400    34
56460    34
56520    34
56580    34
56640    34
56700    34
56760    34
56820    34
56880    34
56940    34
57000    35
57060    35
57120    36
57180    36
57240    36
57300    36
57360    35
57420    34
57480    33
57540    33
57600    33
57660    34
57720    36
57780    36
57840    36
57900    35
57960    34
58020    33
58080    33
58140    34
58200    34
58260    34
58320    34
58380    35
58440    34
58500    34
58560    35
58620    35
58680    36
58740    36
58800    36
58860    35
58920    34
58980    34
59040    35
59100    34
59160    34
59220    35
59280    36
59340    36
59400    36
59460    36
59520    36
59580    36
59640    35
59700    34
59760    33
59820    32
59880    32
59940    33
60000    34
60060    35
60120    35
60180    35
60240    35
60300    34
60360    33
60420    32
60480    32
60540    32
60600    32
60660    33
60720    33
60780    34
60840    34
60900    35
60960    36
61020    36
61080    36
61140    35
61200    35
61260    35
61320    35
61380    35
61440    35
61500    36
61560    34
61620    34
61680    34
61740    34
61800    35
61860    33
61920    34
61980    34
62040    34
62100    35
62160    34
62220    33
62280    34
62340    33
62400    33
62460    34
62520    34
62580    34
62640    34
62700    34
62760    35
62820    33
62880    34
62940    34
63000    34
63060    35
63120    35
63180    35
63240    34
63300    33
63360    34
63420    35
63480    34
63540    33
63600    33
63660    33
63720    33
63780    33
63840    33
63900    34
63960    34
64020    35
64080    35
64140    35
64200    35
64260    33
64320    33
64380    34
64440    33
64500    34
64560    35
64620    34
64680    35
64740    35
64800    35
64860    34
64920    35
64980    35
65040    34
65100    35
65160    35
65220    35
65280    35
65340    35
65400    35
65460    35
65520    35
65580    34
65640    34
65700    34
65760    34
65820    34
65880    33
65940    32
66000    33
66060    33
66120    35
66180    34
66240    34
66300    35
66360    35
66420    35
66480    34
66540    33
66600    33
66660    33
66720    33
66780    33
66840    33
66900    33
66960    34
67020    34
67080    34
67140    34
67200    33
67260    35
67320    35
67380    35
67440    34
67500    33
67560    36
67620    36
67680    35
67740    35
67800    34
67860    34
67920    34
67980    34
68040    34
68100    34
68160    34
68220    34
68280    33
68340    33
68400    35
68460    36
68520    36
68580    35
68640    34
68700    34
68760    35
68820    34
68880    35
68940    34
69000    34
69060    34
69120    34
69180    35
69240    35
69300    35
69360    34
69420    34
69480    34
69540    34
69600    34
69660    34
69720    34
69780    35
69840    35
69900    35
69960    35
70020    34
70080    35
70140    35
70200    35
70260    35
70320    35
70380    35
70440    36
70500    35
70560    35
70620    36
70680    36
70740    37
70800    37
70860    37
70920    37
70980    36
71040    36
71100    36
71160    36
71220    35
71280    36
71340    36
71400    36
71460    36
71520    35
71580    38
71640    38
71700    39
71760    39
71820    37
71880    37
71940    36
72000    37
72060    37
72120    37
72180    40
72240    39
72300    39
72360    41
72420    39
72480    36
72540    36
72600    35
72660    35
72720    36
72780    34
72840    36
72900    34
72960    32
73020    33
73080    35
73140    34
73200    32
73260    33
73320    30
73380    32
73440    31
73500    28
73560    26
73620    25
73680    26
73740    26
73800    25
73860    25
73920    25
73980    23
74040    24
74100    26
74160    27
74220    28
74280    29
74340    31
74400    26
74460    26
74520    27
74580    25
74640    27
74700    27
74760    26
74820    25
74880    23
74940    23
75000    23
75060    23
75120    22
75180    22
75240    20
75300    19
75360    20
75420    20
75480    20
75540    21
75600    19
75660    19
75720    19
75780    22
75840    24
75900    26
75960    25
76020    23
76080    23
76140    23
76200    24
76260    26
76320    27
76380    27
76440    23
76500    23
76560    25
76620    26
76680    24
76740    24
76800    22
76860    22
76920    24
76980    22
77040    26
77100    28
77160    23
77220    22
77280    23
77340    23
77400    24
77460    25
77520    27
77580    28
77640    27
77700    27
77760    26
77820    26
77880    24
77940    22
78000    24
78060    26
78120    25
78180    26
78240    28
78300    27
78360    24
78420    24
78480    22
78540    27
78600    26
78660    27
78720    24
78780    26
78840    26
78900    28
78960    28
79020    27
79080    30
79140    29
79200    30
79260    30
79320    30
79380    30
79440    29
79500    28
79560    27
79620    27
79680    30
79740    31
79800    31
79860    31
79920    29
79980    31
80040    29
80100    28
80160    29
80220    30
80280    26
80340    27
80400    28
80460    25
80520    27
80580    29
80640    31
80700    30
80760    28
80820    25
80880    27
80940    27
81000    28
81060    27
81120    27
81180    28
81240    28
81300    31
81360    27
81420    25
81480    28
81540    27
81600    27
81660    30
81720    28
81780    28
81840    20
81900    20
81960    20
82020    24
82080    25
82140    23
82200    24
82260    27
82320    25
82380    28
82440    31
82500    30
82560    29
82620    27
82680    25
82740    30
82800    30
82860    31
82920    29
82980    30
83040    29
83100    30
83160    29
83220    29
83280    27
83340    25
83400    29
83460    29
83520    25
83580    24
83640    25
83700    26
83760    26
83820    24
83880    23
83940    26
84000    27
84060    26
84120    23
84180    22
84240    22
84300    23
84360    24
84420    22
84480    23
84540    23
84600    24
84660    26
84720    26
84780    25
84840    25
84900    25
84960    26
85020    29
85080    30
85140    29
85200    29
85260    29
85320    29
85380    28
85440    28
85500    29
85560    27
85620    28
85680    28
85740    31
85800    31
85860    30
85920    29
85980    29
86040    29
86100    30
86160    29
86220    28
86280    28
86340    30
86400    27
86460    28
86520    26
86580    27
86640    30
86700    26
86760    28
86820    25
86880    25
86940    26
87000    26
87060    26
87120    28
87180    26
87240    27
87300    28
87360    27
87420    28
87480    28
87540    29
87600    29
87660    29
87720    30
87780    27
87840    29
87900    24
87960    24
88020    25
88080    30
88140    28
88200    26
88260    24
88320    28
88380    29
88440    26
88500    27
88560    23
88620    18
88680    17
88740    18
88800    15
88860    16
88920    15
88980    16
89040    16
89100    13
89160    12
89220    12
89280    15
89340    15
89400    16
89460    16
89520    18
89580    18
89640    15
89700    15
89760    18
89820    18
89880    14
89940    14
90000    16
90060    15
90120    15
90180    15
90240    16
90300    16
90360    15
90420    16
90480    17
90540    17
90600    17
90660    17
90720    16
90780    16
90840    16
90900    18
90960    18
91020    18
91080    19
91140    21
91200    21
91260    20
91320    21
91380    21
91440    23
91500    24
91560    24
91620    23
91680    25
91740    22
91800    21
91860    26
91920    25
91980    27
92040    27
92100    26
92160    25
92220    26
92280    28
92340    29
92400    28
92460    27
92520    30
92580    31
92640    33
92700    33
92760    33
92820    33
92880    34
92940    35
93000    39
93060    36
93120    36
93180    38
93240    36
93300    33
93360    33
93420    29
93480    30
93540    31
93600    33
93660    36
93720    35
93780    34
93840    31
93900    30
93960    29
94020    28
94080    30
94140    31
94200    31
94260    31
94320    32
94380    30
94440    29
94500    31
94560    32
94620    33
94680    31
94740    27
94800    27
94860    29
94920    28
94980    29
95040    30
95100    31
95160    31
95220    30
95280    27
95340    27
95400    25
95460    26
95520    28
95580    29
95640    31
95700    31
95760    32
95820    31
95880    33
95940    32
96000    33
96060    31
96120    32
96180    31
96240    31
96300    31
96360    32
96420    34
96480    33
96540    34
96600    33
96660    34
96720    35
96780    36
96840    34
96900    34
96960    34
97020    34
97080    35
97140    35
97200    34
97260    36
97320    36
97380    36
97440    36
97500    35
97560    34
97620    35
97680    35
97740    36
97800    35
97860    35
97920    34
97980    34
98040    35
98100    35
98160    36
98220    34
98280    34
98340    32
98400    32
98460    32
98520    33
98580    35
98640    33
98700    34
98760    36
98820    37
98880    36
98940    37
99000    33
99060    33
99120    35
99180    35
99240    34
99300    33
99360    30
99420    30
99480    32
99540    34
99600    36
99660    35
99720    33
99780    32
99840    32
99900    30
99960    27
100020    27
100080    27
100140    26
100200    24
100260    29
100320    30
100380    30
100440    31
100500    35
100560    38
100620    37
100680    35
100740    34
100800    33
100860    34
100920    33
100980    32
101040    34
101100    35
101160    34
101220    36
101280    33
101340    33
101400    33
101460    33
101520    34
101580    33
101640    34
101700    35
101760    35
101820    34
101880    33
101940    33
102000    33
102060    33
102120    34
102180    32
102240    32
102300    33
102360    33
102420    32
102480    32
102540    30
102600    27
102660    30
102720    31
102780    31
102840    35
102900    35
102960    34
103020    37
103080    36
103140    35
103200    33
103260    33
103320    36
103380    34
103440    33
103500    33
103560    33
103620    31
103680    29
103740    29
103800    33
103860    32
103920    32
103980    33
104040    33
104100    34
104160    33
104220    33
104280    33
104340    31
104400    32
104460    31
104520    32
104580    32
104640    31
104700    32
104760    31
104820    31
104880    30
104940    30
105000    31
105060    31
105120    32
105180    31
105240    31
105300    30
105360    31
105420    30
105480    30
105540    32
105600    34
105660    37
105720    36
105780    34
105840    33
105900    32
105960    34
106020    37
106080    36
106140    36
106200    37
106260    32
106320    31
106380    30
106440    30
106500    30
106560    29
106620    29
106680    31
106740    32
106800    30
106860    32
106920    32
106980    31
107040    31
107100    32
107160    31
107220    30
107280    33
107340    32
107400    31
107460    33
107520    33
107580    33
107640    31
107700    30
107760    29
107820    28
107880    31
107940    35
108000    34
108060    30
108120    29
108180    27
108240    26
108300    26
108360    25
108420    24
108480    24
108540    25
108600    24
108660    26
108720    25
108780    25
108840    27
108900    27
108960    26
109020    25
109080    24
109140    24
109200    25
109260    25
109320    23
109380    23
109440    21
109500    20
109560    20
109620    19
109680    19
109740    20
109800    23
109860    25
109920    26
109980    26
110040    24
110100    26
110160    24
110220    24
110280    25
110340    26
110400    25
110460    27
110520    27
110580    26
110640    22
110700    24
110760    24
110820    23
110880    22
110940    22
111000    23
111060    27
111120    26
111180    23
111240    22
111300    20
111360    19
111420    20
111480    19
111540    20
111600    20
111660    22
111720    22
111780    21
111840    20
111900    20
111960    19
112020    18
112080    18
112140    20
112200    20
112260    21
112320    22
112380    20
112440    20
112500    18
112560    18
112620    20
112680    19
112740    19
112800    21
112860    23
112920    23
112980    25
113040    24
113100    24
113160    22
113220    20
113280    21
113340    24
113400    23
113460    22
113520    23
113580    24
113640    24
113700    25
113760    26
113820    27
113880    26
113940    26
114000    24
114060    23
114120    23
114180    29
114240    27
114300    28
114360    26
114420    28
114480    28
114540    26
114600    27
114660    27
114720    28
114780    27
114840    26
114900    28
114960    28
115020    29
115080    29
115140    28
115200    30
115260    30
115320    30
115380    32
115440    29
115500    27
115560    27
115620    28
115680    29
115740    29
115800    29
115860    29
115920    30
115980    30
116040    33
116100    32
116160    32
116220    33
116280    34
116340    35
116400    34
116460    33
116520    36
116580    36
116640    37
116700    35
116760    37
116820    37
116880    36
116940    36
117000    34
117060    32
117120    30
117180    30
117240    29
117300    31
117360    33
117420    33
117480    34
117540    34
117600    33
117660    32
117720    33
117780    33
117840    32
117900    29
117960    29
118020    32
118080    33
118140    35
118200    36
118260    36
118320    38
118380    38
118440    38
118500    37
118560    35
118620    34
118680    34
118740    34
118800    35
118860    34
118920    36
118980    36
119040    35
119100    33
119160    33
119220    36
119280    36
119340    36
119400    36
119460    35
119520    34
119580    37
119640    37
119700    37
119760    37
119820    36
119880    36
119940    35
120000    35
120060    37
120120    37
120180    37
120240    37
120300    37
120360    38
120420    37
120480    37
120540    38
120600    36
120660    36
120720    35
120780    34
120840    34
120900    33
120960    33
121020    34
121080    34
121140    34
121200    33
121260    33
121320    33
121380    34
121440    34
121500    34
121560    35
121620    34
121680    34
121740    34
121800    34
121860    34
121920    34
121980    34
122040    34
122100    36
122160    35
122220    35
122280    35
122340    35
122400    35
122460    35
122520    35
122580    35
122640    34
122700    34
122760    35
122820    35
122880    35
122940    35
123000    35
123060    35
123120    35
123180    35
123240    36
123300    36
123360    35
123420    37
123480    39
123540    38
123600    38
123660    37
123720    36
123780    36
123840    36
123900    34
123960    34
124020    34
124080    34
124140    36
124200    36
124260    36
124320    36
124380    36
124440    36
124500    36
124560    37
124620    35
124680    35
124740    35
124800    35
124860    35
124920    35
124980    35
125040    36
125100    36
125160    36
125220    37
125280    36
125340    36
125400    36
125460    36
125520    37
125580    38
125640    37
125700    37
125760    37
125820    37
125880    37
125940    37
126000    37
126060    37
126120    37
126180    37
126240    37
126300    38
126360    36
126420    37
126480    37
126540    37
126600    37
126660    37
126720    36
126780    36
126840    36
126900    37
126960    37
127020    37
127080    37
127140    37
127200    37
127260    37
127320    37
127380    37
127440    37
127500    37
127560    37
127620    37
127680    37
127740    36
127800    36
127860    36
127920    36
127980    36
128040    37
128100    37
128160    37
128220    38
128280    38
128340    38
128400    38
128460    38
128520    36
128580    36
128640    36
128700    36
128760    36
128820    36
128880    36
128940    37
129000    37
129060    37
129120    37
129180    37
129240    38
129300    36
129360    36
129420    36
129480    36
129540    36
129600    35
129660    36
129720    36
129780    36
129840    36
129900    36
129960    36
130020    35
130080    36
130140    36
130200    36
130260    35
130320    35
130380    36
130440    36
130500    36
130560    38
130620    38
130680    38
130740    38
130800    38
130860    39
130920    37
130980    37
131040    37
131100    36
131160    36
131220    36
131280    36
131340    36
131400    36
131460    36
131520    38
131580    38
131640    37
131700    38
131760    38
131820    38
131880    37
131940    37
132000    37
132060    37
132120    37
132180    37
132240    37
132300    37
132360    36
132420    36
132480    36
132540    36
132600    36
132660    36
132720    36
132780    37
132840    37
132900    38
132960    38
133020    38
133080    38
133140    37
133200    38
133260    37
133320    37
133380    37
133440    36
133500    35
133560    35
133620    35
133680    36
133740    36
133800    36
133860    36
133920    35
133980    35
134040    35
134100    34
134160    34
134220    34
134280    35
134340    36
134400    36
134460    36
134520    36
134580    36
134640    36
134700    36
134760    36
134820    35
134880    35
134940    35
135000    36
135060    36
135120    36
135180    35
135240    35
135300    35
135360    36
135420    37
135480    37
135540    36
135600    36
135660    37
135720    37
135780    37
135840    37
135900    36
135960    37
136020    37
136080    37
136140    37
136200    37
136260    37
136320    36
136380    35
136440    35
136500    35
136560    35
136620    36
136680    36
136740    37
136800    37
136860    36
136920    36
136980    36
137040    37
137100    38
137160    36
137220    36
137280    35
137340    35
137400    34
137460    34
137520    35
137580    35
137640    36
137700    35
137760    36
137820    37
137880    38
137940    38
138000    38
138060    38
138120    37
138180    37
138240    37
138300    36
138360    37
138420    37
138480    37
138540    38
138600    38
138660    38
138720    39
138780    38
138840    36
138900    36
138960    37
139020    37
139080    37
139140    37
139200    37
139260    35
139320    35
139380    35
139440    35
139500    35
139560    35
139620    35
139680    37
139740    37
139800    36
139860    36
139920    35
139980    35
140040    34
140100    35
140160    35
140220    35
140280    35
140340    36
140400    37
140460    36
140520    38
140580    38
140640    37
140700    36
140760    37
140820    37
140880    36
140940    36
141000    36
141060    36
141120    36
141180    36
141240    36
141300    36
141360    35
141420    35
141480    34
141540    34
141600    35
141660    36
141720    36
141780    37
141840    39
141900    38
141960    39
142020    39
142080    37
142140    37
142200    37
142260    36
142320    36
142380    36
142440    35
142500    34
142560    34
142620    34
142680    34
142740    34
142800    34
142860    34
142920    34
142980    35
143040    35
143100    35
143160    35
143220    35
143280    35
143340    35
143400    35
143460    35
143520    36
143580    35
143640    36
143700    38
143760    38
143820    38
143880    37
143940    37
144000    37
144060    37
144120    36
144180    36
144240    35
144300    35
144360    36
144420    35
144480    35
144540    35
144600    35
144660    34
144720    34
144780    34
144840    35
144900    35
144960    34
145020    34
145080    34
145140    35
145200    35
145260    35
145320    34
145380    34
145440    34
145500    34
145560    36
145620    36
145680    36
145740    37
145800    37
145860    37
145920    37
145980    36
146040    36
146100    37
146160    37
146220    37
146280    37
146340    37
146400    37
146460    37
146520    37
146580    36
146640    36
146700    35
146760    35
146820    36
146880    36
146940    36
147000    36
147060    35
147120    35
147180    35
147240    35
147300    36
147360    36
147420    37
147480    37
147540    37
147600    37
147660    36
147720    36
147780    35
147840    35
147900    36
147960    36
148020    36
148080    36
148140    37
148200    37
148260    36
148320    36
148380    35
148440    35
148500    37
148560    37
148620    37
148680    37
148740    36
148800    36
148860    35
148920    35
148980    35
149040    35
149100    35
149160    35
149220    35
149280    35
149340    36
149400    36
149460    35
149520    35
149580    37
149640    37
149700    37
149760    37
149820    36
149880    35
149940    35
150000    35
150060    36
150120    36
150180    37
150240    37
150300    36
150360    35
150420    37
150480    38
150540    37
150600    36
150660    35
150720    35
150780    35
150840    34
150900    35
150960    35
151020    35
151080    35
151140    35
151200    35
151260    35
151320    35
151380    35
151440    36
151500    36
151560    36
151620    37
151680    37
151740    36
151800    36
151860    37
151920    37
151980    36
152040    36
152100    37
152160    37
152220    36
152280    36
152340    36
152400    36
152460    35
152520    36
152580    36
152640    36
152700    38
152760    38
152820    38
152880    38
152940    37
153000    37
153060    36
153120    36
153180    37
153240    37
153300    38
153360    38
153420    38
153480    38
153540    38
153600    38
153660    36
153720    36
153780    36
153840    36
153900    36
153960    36
154020    36
154080    36
154140    36
154200    36
154260    37
154320    37
154380    37
154440    37
154500    36
154560    36
154620    36
154680    36
154740    37
154800    38
154860    38
154920    37
154980    37
155040    38
155100    37
155160    37
155220    37
155280    37
155340    37
155400    38
155460    37
155520    37
155580    37
155640    37
155700    37
155760    36
155820    37
155880    37
155940    38
156000    38
156060    37
156120    37
156180    38
156240    38
156300    38
156360    38
156420    38
156480    38
156540    38
156600    38
156660    38
156720    39
156780    39
156840    39
156900    39
156960    38
157020    38
157080    38
157140    38
157200    39
157260    38
157320    39
157380    39
157440    39
157500    39
157560    39
157620    39
157680    39
157740    39
157800    38
157860    38
157920    38
157980    38
158040    38
158100    38
158160    36
158220    36
158280    38
158340    38
158400    39
158460    39
158520    39
158580    37
158640    36
158700    36
158760    36
158820    36
158880    36
158940    34
159000    32
159060    31
159120    33
159180    32
159240    31
159300    33
159360    31
159420    30
159480    29
159540    29
159600    29
159660    27
159720    28
159780    28
159840    29
159900    28
159960    29
160020    31
160080    31
160140    33
160200    32
160260    31
160320    30
160380    33
160440    33
160500    31
160560    33
160620    32
160680    30
160740    29
160800    33
160860    31
160920    32
160980    30
161040    30
161100    32
161160    31
161220    31
161280    32
161340    31
161400    30
161460    29
161520    30
161580    29
161640    29
161700    29
161760    27
161820    30
161880    29
161940    29
162000    28
162060    28
162120    29
162180    30
162240    30
162300    29
162360    30
162420    31
162480    30
162540    30
162600    29
162660    31
162720    31
162780    31
162840    33
162900    32
162960    33
163020    31
163080    33
163140    31
163200    32
163260    34
163320    36
163380    35
163440    34
163500    35
163560    35
163620    35
163680    36
163740    35
163800    36
163860    35
163920    35
163980    36
164040    36
164100    33
164160    32
164220    31
164280    34
164340    35
164400    33
164460    30
164520    28
164580    31
164640    34
164700    36
164760    35
164820    33
164880    34
164940    31
165000    30
165060    30
165120    31
165180    29
165240    26
165300    27
165360    30
165420    32
165480    36
165540    35
165600    34
165660    36
165720    36
165780    36
165840    35
165900    36
165960    34
166020    34
166080    35
166140    34
166200    38
166260    38
166320    39
166380    36
166440    35
166500    36
166560    34
166620    33
166680    32
166740    32
166800    32
166860    30
166920    32
166980    34
167040    35
167100    32
167160    32
167220    32
167280    29
167340    28
167400    33
167460    31
167520    31
167580    31
167640    32
167700    31
167760    33
167820    31
167880    33
167940    30
168000    30
168060    28
168120    26
168180    30
168240    32
168300    33
168360    31
168420    30
168480    31
168540    31
168600    32
168660    36
168720    36
168780    35
168840    34
168900    33
168960    30
169020    32
169080    31
169140    31
169200    30
169260    30
169320    32
169380    30
169440    33
169500    33
169560    36
169620    36
169680    35
169740    34
169800    32
169860    33
169920    32
169980    32
170040    30
170100    30
170160    33
170220    31
170280    34
170340    32
170400    31
170460    33
170520    33
170580    32
170640    34
170700    34
170760    33
170820    31
170880    32
170940    32
171000    31
171060    29
171120    32
171180    28
171240    25
171300    27
171360    27
171420    28
171480    26
171540    26
171600    23
171660    22
171720    22
171780    22
171840    21
171900    24
171960    22
172020    22
172080    25
172140    24
172200    25
172260    25
172320    25
172380    23
172440    19
172500    19
172560    22
172620    24
172680    22
172740    22
172800    23
172860    23
172920    23
172980    21
173040    21
173100    21
173160    22
173220    23
173280    22
173340    22
173400    27
173460    25
173520    21
173580    22
173640    23
173700    23
173760    24
173820    24
173880    25
173940    27
174000    26
174060    27
174120    28
174180    27
174240    26
174300    28
174360    27
174420    26
174480    26
174540    27
174600    26
174660    26
174720    28
174780    30
174840    32
174900    30
174960    30
175020    31
175080    30
175140    31
175200    31
175260    34
175320    34
175380    35
175440    35
175500    35
175560    36
175620    36
175680    35
175740    35
175800    34
175860    36
175920    36
175980    35
176040    38
176100    37
176160    38
176220    38
176280    38
176340    37
176400    37
176460    37
176520    37
176580    35
176640    33
176700    32
176760    32
176820    31
176880    29
176940    27
177000    26
177060    28
177120    28
177180    27
177240    28
177300    28
177360    27
177420    25
177480    26
177540    26
177600    27
177660    27
177720    27
177780    28
177840    26
177900    26
177960    28
178020    27
178080    29
178140    31
178200    32
178260    26
178320    26
178380    27
178440    27
178500    25
178560    25
178620    24
178680    24
178740    26
178800    26
178860    27
178920    26
178980    26
179040    25
179100    26
179160    26
179220    25
179280    25
179340    24
179400    22
179460    22
179520    20
179580    21
179640    26
179700    26
179760    28
179820    30
179880    30
179940    29
180000    28
180060    29
180120    28
180180    28
180240    29
180300    29
180360    29
180420    26
180480    26
180540    26
180600    27
180660    28
180720    28
180780    26
180840    29
180900    25
180960    24
181020    26
181080    26
181140    25
181200    24
181260    22
181320    22
181380    23
181440    23
181500    27
181560    26
181620    25
181680    20
181740    21
181800    22
181860    22
181920    24
181980    24
182040    24
182100    27
182160    24
182220    25
182280    18
182340    20
182400    27
182460    26
182520    27
182580    24
182640    26
182700    25
182760    22
182820    25
182880    28
182940    29
183000    27
183060    27
183120    28
183180    30
183240    32
183300    30
183360    28
183420    28
183480    29
183540    27
183600    28
183660    29
183720    31
183780    32
183840    33
183900    35
183960    33
184020    27
184080    27
184140    25
184200    25
184260    27
184320    31
184380    33
184440    31
184500    33
184560    33
184620    32
184680    30
184740    33
184800    32
184860    31
184920    27
184980    29
185040    33
185100    30
185160    32
185220    33
185280    32
185340    31
185400    27
185460    28
185520    29
185580    31
185640    33
185700    33
185760    32
185820    28
185880    29
185940    31
186000    31
186060    29
186120    31
186180    31
186240    29
186300    30
186360    31
186420    30
186480    31
186540    30
186600    30
186660    30
186720    28
186780    29
186840    28
186900    29
186960    28
187020    30
187080    30
187140    28
187200    31
187260    31
187320    30
187380    29
187440    29
187500    29
187560    31
187620    30
187680    29
187740    31
187800    31
187860    32
187920    32
187980    32
188040    33
188100    33
188160    30
188220    31
188280    30
188340    30
188400    30
188460    30
188520    29
188580    27
188640    29
188700    30
188760    25
188820    26
188880    32
188940    31
189000    32
189060    30
189120    27
189180    26
189240    30
189300    31
189360    31
189420    31
189480    30
189540    34
189600    34
189660    32
189720    29
189780    29
189840    33
189900    35
189960    32
190020    34
190080    37
190140    36
190200    34
190260    34
190320    33
190380    35
190440    37
190500    37
190560    37
190620    37
190680    37
190740    37
190800    37
190860    31
190920    34
190980    35
191040    34
191100    34
191160    32
191220    33
191280    34
191340    37
191400    38
191460    38
191520    39
191580    39
191640    38
191700    37
191760    37
191820    37
191880    38
191940    38
192000    39
192060    40
192120    40
192180    40
192240    39
192300    39
192360    39
192420    37
192480    37
192540    38
192600    37
192660    38
192720    39
192780    39
192840    37
192900    36
192960    38
193020    38
193080    38
193140    38
193200    38
193260    39
193320    38
193380    39
193440    39
193500    38
193560    38
193620    38
193680    39
193740    39
193800    39
193860    39
193920    39
193980    40
194040    40
194100    39
194160    39
194220    39
194280    39
194340    39
194400    38
194460    39
194520    39
194580    39
194640    38
194700    39
194760    39
194820    39
194880    39
194940    39
195000    39
195060    39
195120    38
195180    37
195240    38
195300    37
195360    38
195420    37
195480    36
195540    37
195600    39
195660    39
195720    37
195780    37
195840    38
195900    38
195960    38
196020    39
196080    39
196140    38
196200    38
196260    38
196320    39
196380    40
196440    40
196500    40
196560    39
196620    39
196680    40
196740    40
196800    40
196860    39
196920    38
196980    39
197040    39
197100    40
197160    40
197220    40
197280    40
197340    39
197400    39
197460    38
197520    38
197580    38
197640    39
197700    39
197760    38
197820    38
197880    39
197940    39
198000    39
198060    39
198120    38
198180    38
198240    37
198300    38
198360    37
198420    37
198480    36
198540    36
198600    37
198660    37
198720    38
198780    37
198840    37
198900    34
198960    35
199020    35
199080    36
199140    36
199200    36
199260    36
199320    36
199380    36
199440    37
199500    37
199560    37
199620    36
199680    36
199740    35
199800    35
199860    34
199920    34
199980    34
200040    35
200100    35
200160    36
200220    36
200280    36
200340    35
200400    35
200460    36
200520    36
200580    35
200640    35
200700    35
200760    35
200820    36
200880    36
200940    35
201000    36
201060    36
201120    36
201180    36
201240    35
201300    36
201360    36
201420    36
201480    36
201540    36
201600    36
201660    35
201720    35
201780    36
201840    36
201900    36
201960    36
202020    36
202080    35
202140    35
202200    36
202260    37
202320    37
202380    36
202440    36
202500    36
202560    35
202620    36
202680    36
202740    36
202800    36
202860    37
202920    37
202980    36
203040    36
203100    36
203160    37
203220    37
203280    36
203340    35
203400    35
203460    36
203520    36
203580    36
203640    36
203700    36
203760    36
203820    35
203880    35
203940    36
204000    36
204060    37
204120    38
204180    38
204240    38
204300    37
204360    37
204420    38
204480    38
204540    38
204600    38
204660    38
204720    38
204780    37
204840    37
204900    38
204960    38
205020    38
205080    38
205140    37
205200    37
205260    37
205320    37
205380    37
205440    37
205500    37
205560    37
205620    37
205680    37
205740    37
205800    38
205860    38
205920    39
205980    39
206040    39
206100    39
206160    38
206220    38
206280    38
206340    38
206400    37
206460    37
206520    37
206580    37
206640    37
206700    37
206760    37
206820    37
206880    37
206940    37
207000    37
207060    37
207120    37
207180    37
207240    37
207300    37
207360    37
207420    37
207480    37
207540    37
207600    38
207660    38
207720    38
207780    38
207840    38
207900    38
207960    38
208020    38
208080    38
208140    38
208200    38
208260    39
208320    39
208380    39
208440    39
208500    38
208560    38
208620    38
208680    38
208740    39
208800    39
208860    39
208920    39
208980    38
209040    39
209100    39
209160    39
209220    39
209280    39
209340    39
209400    39
209460    39
209520    39
209580    39
209640    39
209700    39
209760    39
209820    39
209880    39
209940    38
210000    38
210060    39
210120    39
210180    39
210240    39
210300    39
210360    39
210420    39
210480    39
210540    39
210600    40
210660    40
210720    40
210780    39
210840    39
210900    39
210960    39
211020    39
211080    39
211140    39
211200    38
211260    38
211320    39
211380    39
211440    39
211500    40
211560    40
211620    39
211680    39
211740    39
211800    39
211860    39
211920    39
211980    38
212040    38
212100    38
212160    37
212220    37
212280    38
212340    38
212400    38
212460    38
212520    38
212580    38
212640    38
212700    37
212760    37
212820    38
212880    38
212940    38
213000    38
213060    38
213120    38
213180    39
213240    39
213300    38
213360    38
213420    38
213480    37
213540    38
213600    38
213660    38
213720    38
213780    38
213840    37
213900    37
213960    37
214020    37
214080    38
214140    38
214200    38
214260    38
214320    38
214380    38
214440    38
214500    37
214560    39
214620    39
214680    39
214740    40
214800    39
214860    39
214920    38
214980    38
215040    38
215100    38
215160    38
215220    38
215280    37
215340    37
215400    37
215460    38
215520    38
215580    37
215640    37
215700    37
215760    37
215820    36
215880    36
215940    36
216000    36
216060    35
216120    35
216180    37
216240    37
216300    37
216360    37
216420    36
216480    36
216540    35
216600    35
216660    37
216720    37
216780    37
216840    37
216900    37
216960    36
217020    36
217080    36
217140    36
217200    36
217260    36
217320    38
217380    38
217440    36
217500    35
217560    35
217620    37
217680    38
217740    38
217800    37
217860    37
217920    38
217980    37
218040    35
218100    35
218160    36
218220    36
218280    36
218340    36
218400    36
218460    36
218520    36
218580    36
218640    36
218700    36
218760    36
218820    36
218880    37
218940    37
219000    37
219060    37
219120    36
219180    36
219240    35
219300    35
219360    36
219420    36
219480    36
219540    36
219600    36
219660    36
219720    36
219780    37
219840    37
219900    37
219960    37
220020    37
220080    37
220140    37
220200    36
220260    35
220320    35
220380    35
220440    36
220500    36
220560    36
220620    36
220680    36
220740    36
220800    36
220860    36
220920    36
220980    37
221040    37
221100    36
221160    36
221220    37
221280    36
221340    35
221400    35
221460    34
221520    34
221580    35
221640    36
221700    37
221760    37
221820    37
221880    37
221940    37
222000    37
222060    37
222120    37
222180    37
222240    36
222300    36
222360    36
222420    34
222480    34
222540    34
222600    36
222660    36
222720    37
222780    37
222840    36
222900    36
222960    36
223020    36
223080    36
223140    36
223200    36
223260    36
223320    37
223380    37
223440    38
223500    39
223560    38
223620    38
223680    38
223740    38
223800    37
223860    37
223920    38
223980    38
224040    37
224100    36
224160    36
224220    35
224280    35
224340    36
224400    35
224460    34
224520    34
224580    35
224640    35
224700    35
224760    35
224820    35
224880    35
224940    35
225000    36
225060    36
225120    36
225180    36
225240    36
225300    37
225360    37
225420    37
225480    37
225540    37
225600    36
225660    36
225720    36
225780    36
225840    35
225900    36
225960    38
226020    38
226080    38
226140    38
226200    38
226260    38
226320    38
226380    37
226440    37
226500    37
226560    36
226620    35
226680    36
226740    36
226800    36
226860    36
226920    36
226980    37
227040    37
227100    37
227160    37
227220    37
227280    37
227340    37
227400    36
227460    36
227520    35
227580    35
227640    35
227700    37
227760    39
227820    38
227880    38
227940    37
228000    37
228060    37
228120    37
228180    37
228240    37
228300    35
228360    35
228420    37
228480    38
228540    38
228600    38
228660    37
228720    37
228780    36
228840    35
228900    36
228960    37
229020    36
229080    36
229140    36
229200    36
229260    36
229320    36
229380    36
229440    36
229500    35
229560    36
229620    37
229680    37
229740    37
229800    37
229860    37
229920    37
229980    36
230040    36
230100    35
230160    35
230220    36
230280    36
230340    37
230400    36
230460    36
230520    36
230580    36
230640    36
230700    36
230760    36
230820    36
230880    36
230940    36
231000    36
231060    36
231120    37
231180    37
231240    37
231300    37
231360    36
231420    35
231480    35
231540    35
231600    36
231660    36
231720    36
231780    35
231840    36
231900    36
231960    35
232020    35
232080    35
232140    35
232200    35
232260    35
232320    35
232380    35
232440    35
232500    36
232560    35
232620    35
232680    36
232740    36
232800    36
232860    36
232920    36
232980    36
233040    36
233100    36
233160    37
233220    37
233280    37
233340    38
233400    37
233460    37
233520    37
233580    36
233640    36
233700    36
233760    35
233820    35
233880    35
233940    35
234000    34
234060    34
234120    35
234180    36
234240    36
234300    36
234360    36
234420    35
234480    35
234540    36
234600    35
234660    35
234720    35
234780    35
234840    35
234900    34
234960    35
235020    36
235080    36
235140    36
235200    38
235260    37
235320    37
235380    37
235440    37
235500    37
235560    36
235620    36
235680    35
235740    35
235800    36
235860    35
235920    35
235980    36
236040    35
236100    35
236160    36
236220    36
236280    36
236340    35
236400    36
236460    36
236520    36
236580    37
236640    37
236700    37
236760    37
236820    36
236880    35
236940    35
237000    35
237060    35
237120    35
237180    35
237240    35
237300    36
237360    36
237420    36
237480    36
237540    35
237600    35
237660    35
237720    35
237780    35
237840    35
237900    35
237960    35
238020    34
238080    34
238140    34
238200    33
238260    33
238320    33
238380    34
238440    35
238500    36
238560    37
238620    37
238680    37
238740    37
238800    36
238860    36
238920    36
238980    36
239040    36
239100    35
239160    36
239220    36
239280    36
239340    37
239400    36
239460    34
239520    34
239580    34
239640    36
239700    37
239760    37
239820    37
239880    36
239940    36
240000    36
240060    36
240120    36
240180    36
240240    36
240300    36
240360    36
240420    38
240480    37
240540    36
240600    36
240660    36
240720    37
240780    36
240840    37
240900    37
240960    36
241020    36
241080    36
241140    35
241200    35
241260    35
241320    36
241380    36
241440    36
241500    36
241560    36
241620    36
241680    35
241740    35
241800    35
241860    35
241920    35
241980    34
242040    35
242100    33
242160    33
242220    35
242280    35
242340    35
242400    37
242460    37
242520    36
242580    35
242640    35
242700    35
242760    36
242820    36
242880    36
242940    36
243000    37
243060    38
243120    38
243180    36
243240    39
243300    39
243360    39
243420    39
243480    39
243540    38
243600    37
243660    38
243720    37
243780    35
243840    37
243900    36
243960    36
244020    38
244080    37
244140    34
244200    31
244260    31
244320    30
244380    31
244440    32
244500    29
244560    30
244620    27
244680    28
244740    30
244800    27
244860    26
244920    24
244980    25
245040    26
245100    26
245160    25
245220    25
245280    24
245340    26
245400    27
245460    27
245520    26
245580    27
245640    27
245700    24
245760    24
245820    26
245880    28
245940    24
246000    21
246060    21
246120    22
246180    22
246240    22
246300    27
246360    26
246420    27
246480    26
246540    30
246600    29
246660    30
246720    31
246780    27
246840    32
246900    29
246960    25
247020    27
247080    27
247140    24
247200    23
247260    23
247320    22
247380    19
247440    21
247500    23
247560    22
247620    25
247680    27
247740    27
247800    28
247860    30
247920    29
247980    25
248040    25
248100    26
248160    27
248220    28
248280    28
248340    29
248400    29
248460    26
248520    23
248580    29
248640    30
248700    23
248760    24
248820    26
248880    25
248940    27
249000    29
249060    28
249120    27
249180    26
249240    25
249300    27
249360    28
249420    25
249480    23
249540    24
249600    24
249660    25
249720    24
249780    24
249840    20
249900    20
249960    22
250020    29
250080    27
250140    19
250200    22
250260    23
250320    22
250380    20
250440    20
250500    18
250560    21
250620    27
250680    24
250740    27
250800    27
250860    27
250920    27
250980    25
251040    24
251100    24
251160    24
251220    25
251280    28
251340    29
251400    25
251460    24
251520    32
251580    29
251640    29
251700    30
251760    31
251820    30
251880    30
251940    31
252000    26
252060    27
252120    30
252180    30
252240    30
252300    26
252360    28
252420    30
252480    33
252540    30
252600    29
252660    33
252720    30
252780    32
252840    33
252900    32
252960    30
253020    30
253080    31
253140    32
253200    33
253260    33
253320    33
253380    32
253440    32
253500    30
253560    29
253620    29
253680    29
253740    31
253800    31
253860    35
253920    37
253980    35
254040    36
254100    36
254160    35
254220    34
254280    38
254340    38
254400    35
254460    34
254520    36
254580    33
254640    33
254700    34
254760    32
254820    34
254880    35
254940    37
255000    37
255060    38
255120    37
255180    34
255240    32
255300    32
255360    29
255420    31
255480    32
255540    30
255600    33
255660    32
255720    32
255780    34
255840    36
255900    37
255960    34
256020    30
256080    28
256140    31
256200    32
256260    36
256320    35
256380    34
256440    32
256500    32
256560    28
256620    29
256680    32
256740    29
256800    27
256860    31
256920    28
256980    30
257040    33
257100    32
257160    34
257220    30
257280    26
257340    28
257400    32
257460    33
257520    32
257580    34
257640    33
257700    30
257760    30
257820    31
257880    29
257940    29
258000    28
258060    27
258120    26
258180    23
258240    25
258300    27
258360    29
258420    31
258480    31
258540    32
258600    29
258660    28
258720    27
258780    27
258840    27
258900    28
258960    29
259020    29
259080    29
259140    29
259200    32
259260    31
259320    31
259380    35
259440    33
259500    32
259560    32
259620    35
259680    33
259740    33
259800    33
259860    33
259920    33
259980    33
260040    32
260100    32
260160    34
260220    32
260280    32
260340    32
260400    30
260460    30
260520    32
260580    32
260640    32
260700    33
260760    33
260820    33
260880    34
260940    33
261000    33
261060    33
261120    32
261180    31
261240    32
261300    31
261360    30
261420    31
261480    31
261540    30
261600    30
261660    29
261720    29
261780    29
261840    29
261900    29
261960    29
262020    29
262080    29
262140    29
262200    31
262260    31
262320    30
262380    30
262440    30
262500    30
262560    30
262620    31
262680    31
262740    30
262800    30
262860    31
262920    30
262980    30
263040    30
263100    30
263160    30
263220    30
263280    29
263340    29
263400    30
263460    30
263520    30
263580    30
263640    30
263700    30
263760    31
263820    29
263880    28
263940    27
264000    28
264060    28
264120    30
264180    28
264240    28
264300    29
264360    29
264420    30
264480    30
264540    28
264600    27
264660    29
264720    26
264780    27
264840    26
264900    25
264960    26
265020    27
265080    27
265140    28
265200    29
265260    29
265320    28
265380    27
265440    28
265500    28
265560    26
265620    28
265680    27
265740    28
265800    30
265860    30
265920    29
265980    29
266040    29
266100    28
266160    29
266220    28
266280    28
266340    29
266400    29
266460    29
266520    29
266580    29
266640    28
266700    27
266760    28
266820    28
266880    30
266940    31
267000    29
267060    28
267120    29
267180    30
267240    29
267300    29
267360    30
267420    30
267480    30
267540    30
267600    28
267660    26
267720    25
267780    25
267840    24
267900    24
267960    24
268020    25
268080    24
268140    24
268200    26
268260    26
268320    27
268380    28
268440    29
268500    33
268560    36
268620    37
268680    38
268740    37
268800    39
268860    39
268920    39
268980    39
269040    39
269100    41
269160    41
269220    41
269280    41
269340    41
269400    41
269460    41
269520    41
269580    41
269640    41
269700    41
269760    41
269820    41
269880    41
269940    41
270000    40
270060    40
270120    40
270180    40
270240    41
270300    41
270360    41
270420    41
270480    41
270540    41
270600    41
270660    41
270720    41
270780    41
270840    41
270900    41
270960    41
271020    41
271080    41
271140    41
271200    41
271260    41
271320    41
271380    41
271440    41
271500    41
271560    41
271620    41
271680    41
271740    41
271800    41
271860    41
271920    41
271980    41
272040    41
272100    41
272160    41
272220    41
272280    41
272340    41
272400    41
272460    41
272520    41
272580    41
272640    41
272700    41
272760    41
272820    41
272880    41
272940    41
273000    41
273060    41
273120    41
273180    41
273240    41
273300    41
273360    41
273420    41
273480    41
273540    41
273600    41
273660    41
273720    41
273780    41
273840    41
273900    41
273960    41
274020    41
274080    41
274140    41
274200    41
274260    41
274320    41
274380    40
274440    40
274500    40
274560    40
274620    40
274680    40
274740    40
274800    40
274860    40
